bundle	variable_name	qsirecon_suffix	source_file	zero_proportion	mean	stdev	median	masked_mean	masked_median	masked_stdev	weighted_mean	masked_weighted_mean	subject_id	session_id	task_id	dir_id	acq_id	space_id	rec_id	run_id	bundle_source	bundle_params_id
Association_UncinateFasciculusL	ad	DSIStudio	/scratch/executivefunction/SLURM_8364170_114/job-8364170-114-sub-20966-ses-1/ds/inputs/data/qsiprep/qsiprep/sub-20966/ses-1/dwi/sub-20966_ses-1_space-ACPC_desc-preproc_dwi.nii.gz	0.0025075225677031	1.1961350757983646	0.3771811596813024	1.107409954071045	1.199141951303137	1.107720136642456	0.3728506238390564	1.1652641419539918	1.1656286884899254	sub-20966	ses-1				space-ACPC			DSIStudio	autotrackgqi
Association_UncinateFasciculusL	dti_fa	DSIStudio	/scratch/executivefunction/SLURM_8364170_114/job-8364170-114-sub-20966-ses-1/ds/inputs/data/qsiprep/qsiprep/sub-20966/ses-1/dwi/sub-20966_ses-1_space-ACPC_desc-preproc_dwi.nii.gz	0.0025075225677031	0.2798275693598574	0.149236120810936	0.2483521327376365	0.2805310071913302	0.2489566206932068	0.1487617898061729	0.3543790567906032	0.3544899224529695	sub-20966	ses-1				space-ACPC			DSIStudio	autotrackgqi
Association_UncinateFasciculusL	gfa	DSIStudio	/scratch/executivefunction/SLURM_8364170_114/job-8364170-114-sub-20966-ses-1/ds/inputs/data/qsiprep/qsiprep/sub-20966/ses-1/dwi/sub-20966_ses-1_space-ACPC_desc-preproc_dwi.nii.gz	0.0025075225677031	0.0625230082083743	0.031816357584604	0.055296454578638	0.0626801801747101	0.0555379725992679	0.0317013207949355	0.080322693530932	0.0803478220655248	sub-20966	ses-1				space-ACPC			DSIStudio	autotrackgqi
Association_UncinateFasciculusL	ha	DSIStudio	/scratch/executivefunction/SLURM_8364170_114/job-8364170-114-sub-20966-ses-1/ds/inputs/data/qsiprep/qsiprep/sub-20966/ses-1/dwi/sub-20966_ses-1_space-ACPC_desc-preproc_dwi.nii.gz	0.0025075225677031	-7.483580241742504	36.282274592044296	-12.027617931365969	-7.502392660650856	-12.16205644607544	36.32590701818607	-2.524885980826016	-2.525675907348071	sub-20966	ses-1				space-ACPC			DSIStudio	autotrackgqi
Association_UncinateFasciculusL	iso	DSIStudio	/scratch/executivefunction/SLURM_8364170_114/job-8364170-114-sub-20966-ses-1/ds/inputs/data/qsiprep/qsiprep/sub-20966/ses-1/dwi/sub-20966_ses-1_space-ACPC_desc-preproc_dwi.nii.gz	0.0025075225677031	0.5559884809002414	0.1727603822402049	0.5482138693332672	0.5573861392232687	0.5489689409732819	0.1707106977417982	0.5497535675877439	0.5499255549550747	sub-20966	ses-1				space-ACPC			DSIStudio	autotrackgqi
Association_UncinateFasciculusL	md	DSIStudio	/scratch/executivefunction/SLURM_8364170_114/job-8364170-114-sub-20966-ses-1/ds/inputs/data/qsiprep/qsiprep/sub-20966/ses-1/dwi/sub-20966_ses-1_space-ACPC_desc-preproc_dwi.nii.gz	0.0025075225677031	0.9276965250417126	0.3294806315887978	0.8292177319526672	0.9300285927265838	0.8293766379356384	0.3265907096076573	0.835393676773269	0.835655025035921	sub-20966	ses-1				space-ACPC			DSIStudio	autotrackgqi
Association_UncinateFasciculusL	qa	DSIStudio	/scratch/executivefunction/SLURM_8364170_114/job-8364170-114-sub-20966-ses-1/ds/inputs/data/qsiprep/qsiprep/sub-20966/ses-1/dwi/sub-20966_ses-1_space-ACPC_desc-preproc_dwi.nii.gz	0.0025075225677031	0.1470796239619314	0.0777102759763923	0.1322057694196701	0.1474493565510765	0.132271908223629	0.0774567677569567	0.1930599887503544	0.1931203865651137	sub-20966	ses-1				space-ACPC			DSIStudio	autotrackgqi
Association_UncinateFasciculusL	rd1	DSIStudio	/scratch/executivefunction/SLURM_8364170_114/job-8364170-114-sub-20966-ses-1/ds/inputs/data/qsiprep/qsiprep/sub-20966/ses-1/dwi/sub-20966_ses-1_space-ACPC_desc-preproc_dwi.nii.gz	0.0025075225677031	0.8884535615473478	0.3461320369716406	0.8079656660556793	0.8906869792485729	0.8086498975753784	0.3436848642027914	0.7693845964932204	0.7696252941755953	sub-20966	ses-1				space-ACPC			DSIStudio	autotrackgqi
Association_UncinateFasciculusL	rd2	DSIStudio	/scratch/executivefunction/SLURM_8364170_114/job-8364170-114-sub-20966-ses-1/ds/inputs/data/qsiprep/qsiprep/sub-20966/ses-1/dwi/sub-20966_ses-1_space-ACPC_desc-preproc_dwi.nii.gz	0.0025075225677031	0.6985009370209162	0.3330046709568944	0.6371819078922272	0.7002568468676253	0.6380866169929504	0.3315739532333422	0.5715322845638852	0.5717110851312461	sub-20966	ses-1				space-ACPC			DSIStudio	autotrackgqi
Association_UncinateFasciculusL	rd	DSIStudio	/scratch/executivefunction/SLURM_8364170_114/job-8364170-114-sub-20966-ses-1/ds/inputs/data/qsiprep/qsiprep/sub-20966/ses-1/dwi/sub-20966_ses-1_space-ACPC_desc-preproc_dwi.nii.gz	0.0025075225677031	0.7934772497605357	0.3336653695141398	0.717103123664856	0.7954719135357005	0.7175043225288391	0.3317012971620668	0.6704584411072407	0.6706681902322895	sub-20966	ses-1				space-ACPC			DSIStudio	autotrackgqi
Association_UncinateFasciculusL	txx	DSIStudio	/scratch/executivefunction/SLURM_8364170_114/job-8364170-114-sub-20966-ses-1/ds/inputs/data/qsiprep/qsiprep/sub-20966/ses-1/dwi/sub-20966_ses-1_space-ACPC_desc-preproc_dwi.nii.gz	0.0025075225677031	0.000892610041803	0.00037209630809	0.0008272104605566	0.0008948539081726	0.0008276545268017	0.000369859139882	0.0007592613933694	0.0007594989238624	sub-20966	ses-1				space-ACPC			DSIStudio	autotrackgqi
Association_UncinateFasciculusL	txy	DSIStudio	/scratch/executivefunction/SLURM_8364170_114/job-8364170-114-sub-20966-ses-1/ds/inputs/data/qsiprep/qsiprep/sub-20966/ses-1/dwi/sub-20966_ses-1_space-ACPC_desc-preproc_dwi.nii.gz	0.0025075225677031	2.465404861235127e-05	0.0001217964399329	1.2124410659453131e-05	2.471602460182425e-05	1.2335400242591277e-05	0.000121943150742	6.149955736109363e-05	6.151879711870598e-05	sub-20966	ses-1				space-ACPC			DSIStudio	autotrackgqi
Association_UncinateFasciculusL	txz	DSIStudio	/scratch/executivefunction/SLURM_8364170_114/job-8364170-114-sub-20966-ses-1/ds/inputs/data/qsiprep/qsiprep/sub-20966/ses-1/dwi/sub-20966_ses-1_space-ACPC_desc-preproc_dwi.nii.gz	0.0025075225677031	-9.487009212677138e-06	0.0001242468381311	-1.2131813946325565e-05	-9.510857903508405e-06	-1.264420643565245e-05	0.0001244019959345	5.597332483938616e-06	5.599083438101367e-06	sub-20966	ses-1				space-ACPC			DSIStudio	autotrackgqi
Association_UncinateFasciculusL	tyy	DSIStudio	/scratch/executivefunction/SLURM_8364170_114/job-8364170-114-sub-20966-ses-1/ds/inputs/data/qsiprep/qsiprep/sub-20966/ses-1/dwi/sub-20966_ses-1_space-ACPC_desc-preproc_dwi.nii.gz	0.0025075225677031	0.0009882022464641	0.000348723316915	0.0009168441756628	0.0009906864150073	0.0009176689491141	0.0003456191848959	0.0009422924808522	0.0009425872719396	sub-20966	ses-1				space-ACPC			DSIStudio	autotrackgqi
Association_UncinateFasciculusL	tyz	DSIStudio	/scratch/executivefunction/SLURM_8364170_114/job-8364170-114-sub-20966-ses-1/ds/inputs/data/qsiprep/qsiprep/sub-20966/ses-1/dwi/sub-20966_ses-1_space-ACPC_desc-preproc_dwi.nii.gz	0.0025075225677031	-2.8066855560313336e-05	0.0001393420107259	-3.0440503905992955e-05	-2.8137410752772644e-05	-3.070014463446569e-05	0.0001395099267141	-1.991153075622721e-05	-1.991776002366661e-05	sub-20966	ses-1				space-ACPC			DSIStudio	autotrackgqi
Association_UncinateFasciculusL	tzz	DSIStudio	/scratch/executivefunction/SLURM_8364170_114/job-8364170-114-sub-20966-ses-1/ds/inputs/data/qsiprep/qsiprep/sub-20966/ses-1/dwi/sub-20966_ses-1_space-ACPC_desc-preproc_dwi.nii.gz	0.0025075225677031	0.0009022772882141	0.0003621414298163	0.0008345407259184	0.0009045454563594	0.00083526520757	0.0003597560746857	0.0008046271531457	0.0008048788763524	sub-20966	ses-1				space-ACPC			DSIStudio	autotrackgqi
Association_UncinateFasciculusR	ad	DSIStudio	/scratch/executivefunction/SLURM_8364170_114/job-8364170-114-sub-20966-ses-1/ds/inputs/data/qsiprep/qsiprep/sub-20966/ses-1/dwi/sub-20966_ses-1_space-ACPC_desc-preproc_dwi.nii.gz	0.0032467532467532	1.224743297762464	0.404110652459739	1.1435954570770264	1.228732689611853	1.1446772813796997	0.3986671076617631	1.2342204383794568	1.234543841180399	sub-20966	ses-1				space-ACPC			DSIStudio	autotrackgqi
Association_UncinateFasciculusR	dti_fa	DSIStudio	/scratch/executivefunction/SLURM_8364170_114/job-8364170-114-sub-20966-ses-1/ds/inputs/data/qsiprep/qsiprep/sub-20966/ses-1/dwi/sub-20966_ses-1_space-ACPC_desc-preproc_dwi.nii.gz	0.0032467532467532	0.2904289968977881	0.1609413910547008	0.2593434005975723	0.2913750196889861	0.2598834484815597	0.1603460498689652	0.3848823680068122	0.3849832188010844	sub-20966	ses-1				space-ACPC			DSIStudio	autotrackgqi
Association_UncinateFasciculusR	gfa	DSIStudio	/scratch/executivefunction/SLURM_8364170_114/job-8364170-114-sub-20966-ses-1/ds/inputs/data/qsiprep/qsiprep/sub-20966/ses-1/dwi/sub-20966_ses-1_space-ACPC_desc-preproc_dwi.nii.gz	0.0032467532467532	0.0661182156074982	0.0339424446562486	0.0584225542843341	0.0663335843879786	0.0585594363510608	0.0337869220373216	0.0878085481544501	0.0878315566519593	sub-20966	ses-1				space-ACPC			DSIStudio	autotrackgqi
Association_UncinateFasciculusR	ha	DSIStudio	/scratch/executivefunction/SLURM_8364170_114/job-8364170-114-sub-20966-ses-1/ds/inputs/data/qsiprep/qsiprep/sub-20966/ses-1/dwi/sub-20966_ses-1_space-ACPC_desc-preproc_dwi.nii.gz	0.0032467532467532	6.207785054030293	31.722780766594862	8.849334239959717	6.22800585225189	8.989370346069336	31.772422757753716	6.785884886643358	6.787663016539991	sub-20966	ses-1				space-ACPC			DSIStudio	autotrackgqi
Association_UncinateFasciculusR	iso	DSIStudio	/scratch/executivefunction/SLURM_8364170_114/job-8364170-114-sub-20966-ses-1/ds/inputs/data/qsiprep/qsiprep/sub-20966/ses-1/dwi/sub-20966_ses-1_space-ACPC_desc-preproc_dwi.nii.gz	0.0032467532467532	0.5296299204356443	0.1677295341991252	0.5163044929504395	0.5313550993295715	0.5172410309314728	0.1652517870315582	0.5100835677012134	0.5102172249169387	sub-20966	ses-1				space-ACPC			DSIStudio	autotrackgqi
Association_UncinateFasciculusR	md	DSIStudio	/scratch/executivefunction/SLURM_8364170_114/job-8364170-114-sub-20966-ses-1/ds/inputs/data/qsiprep/qsiprep/sub-20966/ses-1/dwi/sub-20966_ses-1_space-ACPC_desc-preproc_dwi.nii.gz	0.0032467532467532	0.9409482220882388	0.3685690186338561	0.835570365190506	0.9440132000103504	0.8357890248298645	0.3652290070877237	0.8532061697531748	0.8534297353180943	sub-20966	ses-1				space-ACPC			DSIStudio	autotrackgqi
Association_UncinateFasciculusR	qa	DSIStudio	/scratch/executivefunction/SLURM_8364170_114/job-8364170-114-sub-20966-ses-1/ds/inputs/data/qsiprep/qsiprep/sub-20966/ses-1/dwi/sub-20966_ses-1_space-ACPC_desc-preproc_dwi.nii.gz	0.0032467532467532	0.1484849009555306	0.0764690570597266	0.1378555446863174	0.1489685651280242	0.1381114274263382	0.0761217000299579	0.1989865832607253	0.1990387237694306	sub-20966	ses-1				space-ACPC			DSIStudio	autotrackgqi
Association_UncinateFasciculusR	rd1	DSIStudio	/scratch/executivefunction/SLURM_8364170_114/job-8364170-114-sub-20966-ses-1/ds/inputs/data/qsiprep/qsiprep/sub-20966/ses-1/dwi/sub-20966_ses-1_space-ACPC_desc-preproc_dwi.nii.gz	0.0032467532467532	0.8895215711768903	0.3928205254070344	0.8053358197212219	0.892419035578118	0.8057096898555756	0.3901600243527012	0.7530038799500609	0.7532011894770776	sub-20966	ses-1				space-ACPC			DSIStudio	autotrackgqi
Association_UncinateFasciculusR	rd2	DSIStudio	/scratch/executivefunction/SLURM_8364170_114/job-8364170-114-sub-20966-ses-1/ds/inputs/data/qsiprep/qsiprep/sub-20966/ses-1/dwi/sub-20966_ses-1_space-ACPC_desc-preproc_dwi.nii.gz	0.0032467532467532	0.7085797984830358	0.3746125721504448	0.6299310326576233	0.7108878760025245	0.6304764449596405	0.3730293698636828	0.5723941905010501	0.5725441748677375	sub-20966	ses-1				space-ACPC			DSIStudio	autotrackgqi
Association_UncinateFasciculusR	rd	DSIStudio	/scratch/executivefunction/SLURM_8364170_114/job-8364170-114-sub-20966-ses-1/ds/inputs/data/qsiprep/qsiprep/sub-20966/ses-1/dwi/sub-20966_ses-1_space-ACPC_desc-preproc_dwi.nii.gz	0.0032467532467532	0.7990506855366624	0.3793647304102896	0.7154577672481537	0.8016534564993225	0.7159146368503571	0.3772265437465411	0.6626990340814902	0.6628726810280423	sub-20966	ses-1				space-ACPC			DSIStudio	autotrackgqi
Association_UncinateFasciculusR	txx	DSIStudio	/scratch/executivefunction/SLURM_8364170_114/job-8364170-114-sub-20966-ses-1/ds/inputs/data/qsiprep/qsiprep/sub-20966/ses-1/dwi/sub-20966_ses-1_space-ACPC_desc-preproc_dwi.nii.gz	0.0032467532467532	0.000924690382628	0.0004028664580741	0.0008530720078852	0.0009277024034183	0.0008537492831237	0.0004000447388918	0.0007894554588912	0.0007896623197541	sub-20966	ses-1				space-ACPC			DSIStudio	autotrackgqi
Association_UncinateFasciculusR	txy	DSIStudio	/scratch/executivefunction/SLURM_8364170_114/job-8364170-114-sub-20966-ses-1/ds/inputs/data/qsiprep/qsiprep/sub-20966/ses-1/dwi/sub-20966_ses-1_space-ACPC_desc-preproc_dwi.nii.gz	0.0032467532467532	-1.141626143505452e-05	0.0001437906687649	-4.774723976197492e-07	-1.1453447954386945e-05	-7.063084694891586e-07	0.0001440231865041	-4.914841427234764e-05	-4.916129249843514e-05	sub-20966	ses-1				space-ACPC			DSIStudio	autotrackgqi
Association_UncinateFasciculusR	txz	DSIStudio	/scratch/executivefunction/SLURM_8364170_114/job-8364170-114-sub-20966-ses-1/ds/inputs/data/qsiprep/qsiprep/sub-20966/ses-1/dwi/sub-20966_ses-1_space-ACPC_desc-preproc_dwi.nii.gz	0.0032467532467532	2.2820008713122348e-05	0.0001305543734706	1.3782985206489684e-05	2.289434098906086e-05	1.4420083516597517e-05	0.0001307603227543	1.642246985174153e-05	1.6426773057528536e-05	sub-20966	ses-1				space-ACPC			DSIStudio	autotrackgqi
Association_UncinateFasciculusR	tyy	DSIStudio	/scratch/executivefunction/SLURM_8364170_114/job-8364170-114-sub-20966-ses-1/ds/inputs/data/qsiprep/qsiprep/sub-20966/ses-1/dwi/sub-20966_ses-1_space-ACPC_desc-preproc_dwi.nii.gz	0.0032467532467532	0.0010166970394372	0.0003936677824818	0.0009395036904606	0.001020008756178	0.0009400931594427	0.0003900014682607	0.0010029798333827	0.001003242644336	sub-20966	ses-1				space-ACPC			DSIStudio	autotrackgqi
Association_UncinateFasciculusR	tyz	DSIStudio	/scratch/executivefunction/SLURM_8364170_114/job-8364170-114-sub-20966-ses-1/ds/inputs/data/qsiprep/qsiprep/sub-20966/ses-1/dwi/sub-20966_ses-1_space-ACPC_desc-preproc_dwi.nii.gz	0.0032467532467532	-3.173550221918776e-05	0.0001179817821685	-3.120935980405193e-05	-3.183887519058576e-05	-3.164349982398562e-05	0.0001181598522759	-4.474404627701756e-05	-4.475577057753562e-05	sub-20966	ses-1				space-ACPC			DSIStudio	autotrackgqi
Association_UncinateFasciculusR	tzz	DSIStudio	/scratch/executivefunction/SLURM_8364170_114/job-8364170-114-sub-20966-ses-1/ds/inputs/data/qsiprep/qsiprep/sub-20966/ses-1/dwi/sub-20966_ses-1_space-ACPC_desc-preproc_dwi.nii.gz	0.0032467532467532	0.0008814572457478	0.0004021368641226	0.0007971735903993	0.000884328441988	0.0007976149208843	0.0003996269921767	0.0007671832147995	0.0007673842396775	sub-20966	ses-1				space-ACPC			DSIStudio	autotrackgqi
Association_CingulumR	ad	DSIStudio	/scratch/executivefunction/SLURM_8364170_114/job-8364170-114-sub-20966-ses-1/ds/inputs/data/qsiprep/qsiprep/sub-20966/ses-1/dwi/sub-20966_ses-1_space-ACPC_desc-preproc_dwi.nii.gz	0.0006060606060606	1.1682002628271029	0.3565250242176126	1.068517029285431	1.1689086923376102	1.0688097476959229	0.3554702330964106	1.1739777991932046	1.1740791313817227	sub-20966	ses-1				space-ACPC			DSIStudio	autotrackgqi
Association_CingulumR	dti_fa	DSIStudio	/scratch/executivefunction/SLURM_8364170_114/job-8364170-114-sub-20966-ses-1/ds/inputs/data/qsiprep/qsiprep/sub-20966/ses-1/dwi/sub-20966_ses-1_space-ACPC_desc-preproc_dwi.nii.gz	0.0006060606060606	0.2756520946207221	0.1748506520566044	0.2240929454565048	0.2758192578072719	0.2241958379745483	0.174771805148185	0.4303639973313033	0.4304011444662936	sub-20966	ses-1				space-ACPC			DSIStudio	autotrackgqi
Association_CingulumR	gfa	DSIStudio	/scratch/executivefunction/SLURM_8364170_114/job-8364170-114-sub-20966-ses-1/ds/inputs/data/qsiprep/qsiprep/sub-20966/ses-1/dwi/sub-20966_ses-1_space-ACPC_desc-preproc_dwi.nii.gz	0.0006060606060606	0.0611064191495604	0.0373281151243941	0.0490278080105781	0.0611434758015614	0.0490492060780525	0.0373090792707918	0.0922025619489665	0.0922105204703139	sub-20966	ses-1				space-ACPC			DSIStudio	autotrackgqi
Association_CingulumR	ha	DSIStudio	/scratch/executivefunction/SLURM_8364170_114/job-8364170-114-sub-20966-ses-1/ds/inputs/data/qsiprep/qsiprep/sub-20966/ses-1/dwi/sub-20966_ses-1_space-ACPC_desc-preproc_dwi.nii.gz	0.0006060606060606	-4.548160720814132	36.5668004343512	-5.399378061294556	-4.550918853452589	-5.424556016921997	36.57771474226502	-7.07140313265098	-7.0720134820792415	sub-20966	ses-1				space-ACPC			DSIStudio	autotrackgqi
Association_CingulumR	iso	DSIStudio	/scratch/executivefunction/SLURM_8364170_114/job-8364170-114-sub-20966-ses-1/ds/inputs/data/qsiprep/qsiprep/sub-20966/ses-1/dwi/sub-20966_ses-1_space-ACPC_desc-preproc_dwi.nii.gz	0.0006060606060606	0.5202816128632938	0.1591999724953551	0.507026880979538	0.5205971262731564	0.5070703029632568	0.1587316778894061	0.4740395154662944	0.4740804321617498	sub-20966	ses-1				space-ACPC			DSIStudio	autotrackgqi
Association_CingulumR	md	DSIStudio	/scratch/executivefunction/SLURM_8364170_114/job-8364170-114-sub-20966-ses-1/ds/inputs/data/qsiprep/qsiprep/sub-20966/ses-1/dwi/sub-20966_ses-1_space-ACPC_desc-preproc_dwi.nii.gz	0.0006060606060606	0.90888031881566	0.3172485604414298	0.8084703385829926	0.9094314894153056	0.8085944652557373	0.3165539956513574	0.7769928600760632	0.7770599262610541	sub-20966	ses-1				space-ACPC			DSIStudio	autotrackgqi
Association_CingulumR	qa	DSIStudio	/scratch/executivefunction/SLURM_8364170_114/job-8364170-114-sub-20966-ses-1/ds/inputs/data/qsiprep/qsiprep/sub-20966/ses-1/dwi/sub-20966_ses-1_space-ACPC_desc-preproc_dwi.nii.gz	0.0006060606060606	0.1355796785909456	0.0805388383323672	0.1156684160232544	0.1356618979230202	0.1156842671334743	0.0804940000753323	0.1955040302358424	0.1955209052764415	sub-20966	ses-1				space-ACPC			DSIStudio	autotrackgqi
Association_CingulumR	rd1	DSIStudio	/scratch/executivefunction/SLURM_8364170_114/job-8364170-114-sub-20966-ses-1/ds/inputs/data/qsiprep/qsiprep/sub-20966/ses-1/dwi/sub-20966_ses-1_space-ACPC_desc-preproc_dwi.nii.gz	0.0006060606060606	0.8654190648143941	0.3362682684276332	0.790033608675003	0.8659438792866891	0.7900858819484711	0.3356939992771488	0.6827763645948162	0.6828352984271644	sub-20966	ses-1				space-ACPC			DSIStudio	autotrackgqi
Association_CingulumR	rd2	DSIStudio	/scratch/executivefunction/SLURM_8364170_114/job-8364170-114-sub-20966-ses-1/ds/inputs/data/qsiprep/qsiprep/sub-20966/ses-1/dwi/sub-20966_ses-1_space-ACPC_desc-preproc_dwi.nii.gz	0.0006060606060606	0.6930216288456524	0.3451066153110725	0.6359016597270966	0.6934418966618111	0.6360621452331543	0.3447888764847175	0.4742244196094852	0.4742653521438651	sub-20966	ses-1				space-ACPC			DSIStudio	autotrackgqi
Association_CingulumR	rd	DSIStudio	/scratch/executivefunction/SLURM_8364170_114/job-8364170-114-sub-20966-ses-1/ds/inputs/data/qsiprep/qsiprep/sub-20966/ses-1/dwi/sub-20966_ses-1_space-ACPC_desc-preproc_dwi.nii.gz	0.0006060606060606	0.7792203467422062	0.3357350079901768	0.7074137330055237	0.7796928878863797	0.7076380848884583	0.3352878076892046	0.578500393653094	0.5785503268365919	sub-20966	ses-1				space-ACPC			DSIStudio	autotrackgqi
Association_CingulumR	txx	DSIStudio	/scratch/executivefunction/SLURM_8364170_114/job-8364170-114-sub-20966-ses-1/ds/inputs/data/qsiprep/qsiprep/sub-20966/ses-1/dwi/sub-20966_ses-1_space-ACPC_desc-preproc_dwi.nii.gz	0.0006060606060606	0.000894071770699	0.0003478342857882	0.0008294838771689	0.0008946139609784	0.0008295844309031	0.0003472420054121	0.0006932086395549	0.0006932684737436	sub-20966	ses-1				space-ACPC			DSIStudio	autotrackgqi
Association_CingulumR	txy	DSIStudio	/scratch/executivefunction/SLURM_8364170_114/job-8364170-114-sub-20966-ses-1/ds/inputs/data/qsiprep/qsiprep/sub-20966/ses-1/dwi/sub-20966_ses-1_space-ACPC_desc-preproc_dwi.nii.gz	0.0006060606060606	2.562692567010363e-05	0.000124167551841	1.8975601051351987e-05	2.564246655892722e-05	1.907302976178471e-05	0.0001242035912458	2.48131784143934e-05	2.4815319985106624e-05	sub-20966	ses-1				space-ACPC			DSIStudio	autotrackgqi
Association_CingulumR	txz	DSIStudio	/scratch/executivefunction/SLURM_8364170_114/job-8364170-114-sub-20966-ses-1/ds/inputs/data/qsiprep/qsiprep/sub-20966/ses-1/dwi/sub-20966_ses-1_space-ACPC_desc-preproc_dwi.nii.gz	0.0006060606060606	2.407535146298261e-05	0.0001210195695937	1.98886282305466e-05	2.40899514335484e-05	1.99627038455219e-05	0.0001210548061773	1.278472470824998e-05	1.2785828136960197e-05	sub-20966	ses-1				space-ACPC			DSIStudio	autotrackgqi
Association_CingulumR	tyy	DSIStudio	/scratch/executivefunction/SLURM_8364170_114/job-8364170-114-sub-20966-ses-1/ds/inputs/data/qsiprep/qsiprep/sub-20966/ses-1/dwi/sub-20966_ses-1_space-ACPC_desc-preproc_dwi.nii.gz	0.0006060606060606	0.0009443462587704	0.000363652391704	0.0008550274360459	0.000944918936914	0.0008551528444513	0.0003630180759732	0.0009692812270281	0.0009693648909983	sub-20966	ses-1				space-ACPC			DSIStudio	autotrackgqi
Association_CingulumR	tyz	DSIStudio	/scratch/executivefunction/SLURM_8364170_114/job-8364170-114-sub-20966-ses-1/ds/inputs/data/qsiprep/qsiprep/sub-20966/ses-1/dwi/sub-20966_ses-1_space-ACPC_desc-preproc_dwi.nii.gz	0.0006060606060606	3.3973087020095985e-05	0.0001336785770719	1.532577607576968e-05	3.399368925600871e-05	1.541055189591134e-05	0.0001337164854075	6.187930381181724e-05	6.188464500826352e-05	sub-20966	ses-1				space-ACPC			DSIStudio	autotrackgqi
Association_CingulumR	tzz	DSIStudio	/scratch/executivefunction/SLURM_8364170_114/job-8364170-114-sub-20966-ses-1/ds/inputs/data/qsiprep/qsiprep/sub-20966/ses-1/dwi/sub-20966_ses-1_space-ACPC_desc-preproc_dwi.nii.gz	0.0006060606060606	0.0008882229276015	0.0003453005574346	0.0008218373986892	0.0008887615709779	0.0008220833842642	0.0003447115538521	0.000668488718536	0.0006685464189324	sub-20966	ses-1				space-ACPC			DSIStudio	autotrackgqi
Association_InferiorLongitudinalFasciculusL	ad	DSIStudio	/scratch/executivefunction/SLURM_8364170_114/job-8364170-114-sub-20966-ses-1/ds/inputs/data/qsiprep/qsiprep/sub-20966/ses-1/dwi/sub-20966_ses-1_space-ACPC_desc-preproc_dwi.nii.gz	0.0028634150997422	1.147815339060313	0.3048515349971368	1.0787320137023926	1.151111448964765	1.0794501304626465	0.2990102718048763	1.175808356300165	1.1761682064540304	sub-20966	ses-1				space-ACPC			DSIStudio	autotrackgqi
Association_InferiorLongitudinalFasciculusL	dti_fa	DSIStudio	/scratch/executivefunction/SLURM_8364170_114/job-8364170-114-sub-20966-ses-1/ds/inputs/data/qsiprep/qsiprep/sub-20966/ses-1/dwi/sub-20966_ses-1_space-ACPC_desc-preproc_dwi.nii.gz	0.0028634150997422	0.3139578181579304	0.177596311616964	0.2785913050174713	0.3148593912932551	0.2793099582195282	0.1770512747178769	0.4204289117209333	0.4205575818600042	sub-20966	ses-1				space-ACPC			DSIStudio	autotrackgqi
Association_InferiorLongitudinalFasciculusL	gfa	DSIStudio	/scratch/executivefunction/SLURM_8364170_114/job-8364170-114-sub-20966-ses-1/ds/inputs/data/qsiprep/qsiprep/sub-20966/ses-1/dwi/sub-20966_ses-1_space-ACPC_desc-preproc_dwi.nii.gz	0.0028634150997422	0.0676798438685351	0.0384193027437583	0.0584917590022087	0.0678741958658602	0.0587681382894516	0.0383026108527264	0.0914820328651628	0.0915100304824241	sub-20966	ses-1				space-ACPC			DSIStudio	autotrackgqi
Association_InferiorLongitudinalFasciculusL	ha	DSIStudio	/scratch/executivefunction/SLURM_8364170_114/job-8364170-114-sub-20966-ses-1/ds/inputs/data/qsiprep/qsiprep/sub-20966/ses-1/dwi/sub-20966_ses-1_space-ACPC_desc-preproc_dwi.nii.gz	0.0028634150997422	5.938508136000184	37.44414947212167	9.082524299621582	5.955561380384219	9.243915557861328	37.49651969131445	14.79965601002056	14.804185408397023	sub-20966	ses-1				space-ACPC			DSIStudio	autotrackgqi
Association_InferiorLongitudinalFasciculusL	iso	DSIStudio	/scratch/executivefunction/SLURM_8364170_114/job-8364170-114-sub-20966-ses-1/ds/inputs/data/qsiprep/qsiprep/sub-20966/ses-1/dwi/sub-20966_ses-1_space-ACPC_desc-preproc_dwi.nii.gz	0.0028634150997422	0.6054587777815293	0.2694206027597212	0.5611977577209473	0.6071974360885501	0.5616047382354736	0.2678436059006198	0.5748330866081096	0.5750090113949708	sub-20966	ses-1				space-ACPC			DSIStudio	autotrackgqi
Association_InferiorLongitudinalFasciculusL	md	DSIStudio	/scratch/executivefunction/SLURM_8364170_114/job-8364170-114-sub-20966-ses-1/ds/inputs/data/qsiprep/qsiprep/sub-20966/ses-1/dwi/sub-20966_ses-1_space-ACPC_desc-preproc_dwi.nii.gz	0.0028634150997422	0.8579763346578803	0.2402566878347359	0.7970380783081055	0.8604401319240559	0.7972661852836609	0.2361547931876141	0.7908610560903313	0.7911030950553049	sub-20966	ses-1				space-ACPC			DSIStudio	autotrackgqi
Association_InferiorLongitudinalFasciculusL	qa	DSIStudio	/scratch/executivefunction/SLURM_8364170_114/job-8364170-114-sub-20966-ses-1/ds/inputs/data/qsiprep/qsiprep/sub-20966/ses-1/dwi/sub-20966_ses-1_space-ACPC_desc-preproc_dwi.nii.gz	0.0028634150997422	0.1701735900191419	0.0949064006114351	0.1529144048690796	0.170662266931229	0.1531932204961776	0.0946028099728075	0.2282214503274925	0.2282912963586392	sub-20966	ses-1				space-ACPC			DSIStudio	autotrackgqi
Association_InferiorLongitudinalFasciculusL	rd1	DSIStudio	/scratch/executivefunction/SLURM_8364170_114/job-8364170-114-sub-20966-ses-1/ds/inputs/data/qsiprep/qsiprep/sub-20966/ses-1/dwi/sub-20966_ses-1_space-ACPC_desc-preproc_dwi.nii.gz	0.0028634150997422	0.8120869987251264	0.2654099682170617	0.7702929377555847	0.8144190184400448	0.770741879940033	0.2621936216363727	0.7126690272862153	0.7128871359534628	sub-20966	ses-1				space-ACPC			DSIStudio	autotrackgqi
Association_InferiorLongitudinalFasciculusL	rd2	DSIStudio	/scratch/executivefunction/SLURM_8364170_114/job-8364170-114-sub-20966-ses-1/ds/inputs/data/qsiprep/qsiprep/sub-20966/ses-1/dwi/sub-20966_ses-1_space-ACPC_desc-preproc_dwi.nii.gz	0.0028634150997422	0.6140266658725955	0.2691697445170586	0.5857107043266296	0.6157899280508455	0.5865567326545715	0.267534314030375	0.4841057816869856	0.4842539397598766	sub-20966	ses-1				space-ACPC			DSIStudio	autotrackgqi
Association_InferiorLongitudinalFasciculusL	rd	DSIStudio	/scratch/executivefunction/SLURM_8364170_114/job-8364170-114-sub-20966-ses-1/ds/inputs/data/qsiprep/qsiprep/sub-20966/ses-1/dwi/sub-20966_ses-1_space-ACPC_desc-preproc_dwi.nii.gz	0.0028634150997422	0.7130568326337369	0.2588540311421483	0.6731234192848206	0.7151044735812828	0.6737623810768127	0.2563855446443707	0.5983874053651637	0.5985705387355017	sub-20966	ses-1				space-ACPC			DSIStudio	autotrackgqi
Association_InferiorLongitudinalFasciculusL	txx	DSIStudio	/scratch/executivefunction/SLURM_8364170_114/job-8364170-114-sub-20966-ses-1/ds/inputs/data/qsiprep/qsiprep/sub-20966/ses-1/dwi/sub-20966_ses-1_space-ACPC_desc-preproc_dwi.nii.gz	0.0028634150997422	0.0008032305786014	0.0002816681923007	0.0007755297119729	0.0008055371658856	0.0007761836750432	0.000278759315204	0.0006609638326621	0.0006611661172317	sub-20966	ses-1				space-ACPC			DSIStudio	autotrackgqi
Association_InferiorLongitudinalFasciculusL	txy	DSIStudio	/scratch/executivefunction/SLURM_8364170_114/job-8364170-114-sub-20966-ses-1/ds/inputs/data/qsiprep/qsiprep/sub-20966/ses-1/dwi/sub-20966_ses-1_space-ACPC_desc-preproc_dwi.nii.gz	0.0028634150997422	-2.559678896024051e-05	0.0001288527390155	-1.4453614312515128e-05	-2.5670293666740675e-05	-1.4706925867358224e-05	0.0001290303039912	-4.167768524614958e-05	-4.169044053122646e-05	sub-20966	ses-1				space-ACPC			DSIStudio	autotrackgqi
Association_InferiorLongitudinalFasciculusL	txz	DSIStudio	/scratch/executivefunction/SLURM_8364170_114/job-8364170-114-sub-20966-ses-1/ds/inputs/data/qsiprep/qsiprep/sub-20966/ses-1/dwi/sub-20966_ses-1_space-ACPC_desc-preproc_dwi.nii.gz	0.0028634150997422	-2.22669917977006e-05	0.0001247806500992	-1.662002978264354e-05	-2.2330934532833268e-05	-1.7034346456057392e-05	0.0001249539704989	-4.657716603112449e-05	-4.659142064320204e-05	sub-20966	ses-1				space-ACPC			DSIStudio	autotrackgqi
Association_InferiorLongitudinalFasciculusL	tyy	DSIStudio	/scratch/executivefunction/SLURM_8364170_114/job-8364170-114-sub-20966-ses-1/ds/inputs/data/qsiprep/qsiprep/sub-20966/ses-1/dwi/sub-20966_ses-1_space-ACPC_desc-preproc_dwi.nii.gz	0.0028634150997422	0.0009348681190167	0.0003033884031463	0.0008762004435993	0.0009375527216366	0.0008768364787101	0.0002996529412536	0.0009413349916938	0.000941623082432	sub-20966	ses-1				space-ACPC			DSIStudio	autotrackgqi
Association_InferiorLongitudinalFasciculusL	tyz	DSIStudio	/scratch/executivefunction/SLURM_8364170_114/job-8364170-114-sub-20966-ses-1/ds/inputs/data/qsiprep/qsiprep/sub-20966/ses-1/dwi/sub-20966_ses-1_space-ACPC_desc-preproc_dwi.nii.gz	0.0028634150997422	3.812617474168352e-05	0.0001641757334599	1.9348441128386185e-05	3.82356593058886e-05	1.976051316887606e-05	0.0001643985596778	0.0001134019497707	0.0001134366559432	sub-20966	ses-1				space-ACPC			DSIStudio	autotrackgqi
Association_InferiorLongitudinalFasciculusL	tzz	DSIStudio	/scratch/executivefunction/SLURM_8364170_114/job-8364170-114-sub-20966-ses-1/ds/inputs/data/qsiprep/qsiprep/sub-20966/ses-1/dwi/sub-20966_ses-1_space-ACPC_desc-preproc_dwi.nii.gz	0.0028634150997422	0.0008358303063265	0.0002778646008055	0.0008120815618894	0.0008382305082208	0.0008127268520183	0.0002746243424248	0.0007702843433755	0.0007705200849624	sub-20966	ses-1				space-ACPC			DSIStudio	autotrackgqi
Association_InferiorFrontoOccipitalFasciculusL	ad	DSIStudio	/scratch/executivefunction/SLURM_8364170_114/job-8364170-114-sub-20966-ses-1/ds/inputs/data/qsiprep/qsiprep/sub-20966/ses-1/dwi/sub-20966_ses-1_space-ACPC_desc-preproc_dwi.nii.gz	0.0010087000378262	1.2029648068618268	0.3356569856468767	1.1285405158996582	1.2041794627314335	1.1291152238845823	0.3336415875133961	1.2483003397299774	1.2483344913663752	sub-20966	ses-1				space-ACPC			DSIStudio	autotrackgqi
Association_InferiorFrontoOccipitalFasciculusL	dti_fa	DSIStudio	/scratch/executivefunction/SLURM_8364170_114/job-8364170-114-sub-20966-ses-1/ds/inputs/data/qsiprep/qsiprep/sub-20966/ses-1/dwi/sub-20966_ses-1_space-ACPC_desc-preproc_dwi.nii.gz	0.0010087000378262	0.3654523856722756	0.1825123299371901	0.3678278625011444	0.3658213897219258	0.3681546449661255	0.1822344519768932	0.4949857959741098	0.4949993380687039	sub-20966	ses-1				space-ACPC			DSIStudio	autotrackgqi
Association_InferiorFrontoOccipitalFasciculusL	gfa	DSIStudio	/scratch/executivefunction/SLURM_8364170_114/job-8364170-114-sub-20966-ses-1/ds/inputs/data/qsiprep/qsiprep/sub-20966/ses-1/dwi/sub-20966_ses-1_space-ACPC_desc-preproc_dwi.nii.gz	0.0010087000378262	0.0800848948567177	0.0395162596027073	0.0787458047270774	0.0801657580599051	0.0788706168532371	0.0394541382318575	0.1096048053797999	0.1096078040024261	sub-20966	ses-1				space-ACPC			DSIStudio	autotrackgqi
Association_InferiorFrontoOccipitalFasciculusL	ha	DSIStudio	/scratch/executivefunction/SLURM_8364170_114/job-8364170-114-sub-20966-ses-1/ds/inputs/data/qsiprep/qsiprep/sub-20966/ses-1/dwi/sub-20966_ses-1_space-ACPC_desc-preproc_dwi.nii.gz	0.0010087000378262	0.0098949681490503	33.31727296690089	-0.9346368312835692	0.0099049592818526	-0.9536391496658324	33.334089255681874	4.451410102695296	4.451531923321653	sub-20966	ses-1				space-ACPC			DSIStudio	autotrackgqi
Association_InferiorFrontoOccipitalFasciculusL	iso	DSIStudio	/scratch/executivefunction/SLURM_8364170_114/job-8364170-114-sub-20966-ses-1/ds/inputs/data/qsiprep/qsiprep/sub-20966/ses-1/dwi/sub-20966_ses-1_space-ACPC_desc-preproc_dwi.nii.gz	0.0010087000378262	0.5326922081961388	0.1346024900729926	0.5242331027984619	0.5332300773953776	0.5243427157402039	0.133601333108324	0.5157698831156262	0.515783993762315	sub-20966	ses-1				space-ACPC			DSIStudio	autotrackgqi
Association_InferiorFrontoOccipitalFasciculusL	md	DSIStudio	/scratch/executivefunction/SLURM_8364170_114/job-8364170-114-sub-20966-ses-1/ds/inputs/data/qsiprep/qsiprep/sub-20966/ses-1/dwi/sub-20966_ses-1_space-ACPC_desc-preproc_dwi.nii.gz	0.0010087000378262	0.8615374812306048	0.2808797757412854	0.7820630073547363	0.8624073915991325	0.7821898460388184	0.2796835559453898	0.7787551226913105	0.7787764282387908	sub-20966	ses-1				space-ACPC			DSIStudio	autotrackgqi
Association_InferiorFrontoOccipitalFasciculusL	qa	DSIStudio	/scratch/executivefunction/SLURM_8364170_114/job-8364170-114-sub-20966-ses-1/ds/inputs/data/qsiprep/qsiprep/sub-20966/ses-1/dwi/sub-20966_ses-1_space-ACPC_desc-preproc_dwi.nii.gz	0.0010087000378262	0.1868777969091625	0.0933673583196489	0.183147981762886	0.1870664908855948	0.1832314282655716	0.0932253584825174	0.2619518837950961	0.2619590503636831	sub-20966	ses-1				space-ACPC			DSIStudio	autotrackgqi
Association_InferiorFrontoOccipitalFasciculusL	rd1	DSIStudio	/scratch/executivefunction/SLURM_8364170_114/job-8364170-114-sub-20966-ses-1/ds/inputs/data/qsiprep/qsiprep/sub-20966/ses-1/dwi/sub-20966_ses-1_space-ACPC_desc-preproc_dwi.nii.gz	0.0010087000378262	0.7998983324167783	0.3083411945860545	0.7432342767715454	0.8007060045938998	0.7435212731361389	0.3074468776755956	0.66050961219337	0.6605276826855166	sub-20966	ses-1				space-ACPC			DSIStudio	autotrackgqi
Association_InferiorFrontoOccipitalFasciculusL	rd2	DSIStudio	/scratch/executivefunction/SLURM_8364170_114/job-8364170-114-sub-20966-ses-1/ds/inputs/data/qsiprep/qsiprep/sub-20966/ses-1/dwi/sub-20966_ses-1_space-ACPC_desc-preproc_dwi.nii.gz	0.0010087000378262	0.5817493031108137	0.3095831814811341	0.5034436583518982	0.5823367061683534	0.5040046572685242	0.3091867608460173	0.4274554152000043	0.4274671097138745	sub-20966	ses-1				space-ACPC			DSIStudio	autotrackgqi
Association_InferiorFrontoOccipitalFasciculusL	rd	DSIStudio	/scratch/executivefunction/SLURM_8364170_114/job-8364170-114-sub-20966-ses-1/ds/inputs/data/qsiprep/qsiprep/sub-20966/ses-1/dwi/sub-20966_ses-1_space-ACPC_desc-preproc_dwi.nii.gz	0.0010087000378262	0.6908238182891108	0.3013752785235529	0.6178700923919678	0.6915213559069718	0.6181551814079285	0.3007264639349902	0.5439825129297483	0.5439973954327357	sub-20966	ses-1				space-ACPC			DSIStudio	autotrackgqi
Association_InferiorFrontoOccipitalFasciculusL	txx	DSIStudio	/scratch/executivefunction/SLURM_8364170_114/job-8364170-114-sub-20966-ses-1/ds/inputs/data/qsiprep/qsiprep/sub-20966/ses-1/dwi/sub-20966_ses-1_space-ACPC_desc-preproc_dwi.nii.gz	0.0010087000378262	0.0007979527977087	0.0003381165252123	0.0007454383885487	0.0007987585054434	0.000745624420233	0.0003373346299314	0.0006278019525849	0.0006278191283137	sub-20966	ses-1				space-ACPC			DSIStudio	autotrackgqi
Association_InferiorFrontoOccipitalFasciculusL	txy	DSIStudio	/scratch/executivefunction/SLURM_8364170_114/job-8364170-114-sub-20966-ses-1/ds/inputs/data/qsiprep/qsiprep/sub-20966/ses-1/dwi/sub-20966_ses-1_space-ACPC_desc-preproc_dwi.nii.gz	0.0010087000378262	-4.213942673163853e-06	0.0001587750592786	-6.753273282811279e-06	-4.218197569211475e-06	-6.9700208769063465e-06	0.0001588551416232	3.681112967729245e-05	3.6812136695538426e-05	sub-20966	ses-1				space-ACPC			DSIStudio	autotrackgqi
Association_InferiorFrontoOccipitalFasciculusL	txz	DSIStudio	/scratch/executivefunction/SLURM_8364170_114/job-8364170-114-sub-20966-ses-1/ds/inputs/data/qsiprep/qsiprep/sub-20966/ses-1/dwi/sub-20966_ses-1_space-ACPC_desc-preproc_dwi.nii.gz	0.0010087000378262	-3.754173188720562e-05	0.0001295756980741	-3.053232285310514e-05	-3.757963846995176e-05	-3.060834205825813e-05	0.0001296356048708	-6.262422625730421e-05	-6.262593958739409e-05	sub-20966	ses-1				space-ACPC			DSIStudio	autotrackgqi
Association_InferiorFrontoOccipitalFasciculusL	tyy	DSIStudio	/scratch/executivefunction/SLURM_8364170_114/job-8364170-114-sub-20966-ses-1/ds/inputs/data/qsiprep/qsiprep/sub-20966/ses-1/dwi/sub-20966_ses-1_space-ACPC_desc-preproc_dwi.nii.gz	0.0010087000378262	0.0009792070387392	0.0003410955950926	0.0009148123790509	0.0009801957622417	0.0009149595280177	0.0003398448753841	0.0010250428413261	0.0010250708849115	sub-20966	ses-1				space-ACPC			DSIStudio	autotrackgqi
Association_InferiorFrontoOccipitalFasciculusL	tyz	DSIStudio	/scratch/executivefunction/SLURM_8364170_114/job-8364170-114-sub-20966-ses-1/ds/inputs/data/qsiprep/qsiprep/sub-20966/ses-1/dwi/sub-20966_ses-1_space-ACPC_desc-preproc_dwi.nii.gz	0.0010087000378262	1.815795191010682e-05	0.0001729197577764	1.997463868974592e-06	1.817628633081625e-05	2.127058223777567e-06	0.0001730060727745	4.52100219074881e-05	4.521125906776844e-05	sub-20966	ses-1				space-ACPC			DSIStudio	autotrackgqi
Association_InferiorFrontoOccipitalFasciculusL	tzz	DSIStudio	/scratch/executivefunction/SLURM_8364170_114/job-8364170-114-sub-20966-ses-1/ds/inputs/data/qsiprep/qsiprep/sub-20966/ses-1/dwi/sub-20966_ses-1_space-ACPC_desc-preproc_dwi.nii.gz	0.0010087000378262	0.0008074526053643	0.000321615968394	0.0007665535085834	0.0008082679052309	0.0007667880272492	0.0003207526967882	0.0006834205713411	0.0006834392686694	sub-20966	ses-1				space-ACPC			DSIStudio	autotrackgqi
Association_ArcuateFasciculusL	ad	DSIStudio	/scratch/executivefunction/SLURM_8364170_114/job-8364170-114-sub-20966-ses-1/ds/inputs/data/qsiprep/qsiprep/sub-20966/ses-1/dwi/sub-20966_ses-1_space-ACPC_desc-preproc_dwi.nii.gz	0.0081711484177685	1.125865286543507	0.3351678364879024	1.0598069429397583	1.1351406895932217	1.0616397261619568	0.3205215744946583	1.1644845765626683	1.1651903368712704	sub-20966	ses-1				space-ACPC			DSIStudio	autotrackgqi
Association_ArcuateFasciculusL	dti_fa	DSIStudio	/scratch/executivefunction/SLURM_8364170_114/job-8364170-114-sub-20966-ses-1/ds/inputs/data/qsiprep/qsiprep/sub-20966/ses-1/dwi/sub-20966_ses-1_space-ACPC_desc-preproc_dwi.nii.gz	0.0081711484177685	0.3052947643342897	0.178030318786276	0.2737985551357269	0.3078099249152343	0.2763871252536773	0.1765834632924176	0.4675015823196251	0.4677849215280015	sub-20966	ses-1				space-ACPC			DSIStudio	autotrackgqi
Association_ArcuateFasciculusL	gfa	DSIStudio	/scratch/executivefunction/SLURM_8364170_114/job-8364170-114-sub-20966-ses-1/ds/inputs/data/qsiprep/qsiprep/sub-20966/ses-1/dwi/sub-20966_ses-1_space-ACPC_desc-preproc_dwi.nii.gz	0.0081711484177685	0.0677743736232373	0.0372206395593201	0.0608886815607547	0.0683327305059932	0.0615373607724905	0.0368596708091994	0.1019635198455975	0.1020253169962416	sub-20966	ses-1				space-ACPC			DSIStudio	autotrackgqi
Association_ArcuateFasciculusL	ha	DSIStudio	/scratch/executivefunction/SLURM_8364170_114/job-8364170-114-sub-20966-ses-1/ds/inputs/data/qsiprep/qsiprep/sub-20966/ses-1/dwi/sub-20966_ses-1_space-ACPC_desc-preproc_dwi.nii.gz	0.0081711484177685	3.0962739531406	34.332046215194886	5.006418228149414	3.1217825012866056	5.3155598640441895	34.47202282839192	6.069572111796805	6.073250758892554	sub-20966	ses-1				space-ACPC			DSIStudio	autotrackgqi
Association_ArcuateFasciculusL	iso	DSIStudio	/scratch/executivefunction/SLURM_8364170_114/job-8364170-114-sub-20966-ses-1/ds/inputs/data/qsiprep/qsiprep/sub-20966/ses-1/dwi/sub-20966_ses-1_space-ACPC_desc-preproc_dwi.nii.gz	0.0081711484177685	0.5328476476134233	0.1249801695517289	0.5272743105888367	0.5372374949200048	0.5283087193965912	0.1157166254467495	0.4941280675821216	0.4944275442091314	sub-20966	ses-1				space-ACPC			DSIStudio	autotrackgqi
Association_ArcuateFasciculusL	md	DSIStudio	/scratch/executivefunction/SLURM_8364170_114/job-8364170-114-sub-20966-ses-1/ds/inputs/data/qsiprep/qsiprep/sub-20966/ses-1/dwi/sub-20966_ses-1_space-ACPC_desc-preproc_dwi.nii.gz	0.0081711484177685	0.8601452829915371	0.3068359367315115	0.7826636433601379	0.8672315607873032	0.7835305631160736	0.2979571879212889	0.7602371335733322	0.7606978911282275	sub-20966	ses-1				space-ACPC			DSIStudio	autotrackgqi
Association_ArcuateFasciculusL	qa	DSIStudio	/scratch/executivefunction/SLURM_8364170_114/job-8364170-114-sub-20966-ses-1/ds/inputs/data/qsiprep/qsiprep/sub-20966/ses-1/dwi/sub-20966_ses-1_space-ACPC_desc-preproc_dwi.nii.gz	0.0081711484177685	0.1554496433679139	0.0838474694904864	0.1432009190320968	0.1567303099924248	0.1443255245685577	0.0829915571608355	0.2321266965154742	0.2322673818267718	sub-20966	ses-1				space-ACPC			DSIStudio	autotrackgqi
Association_ArcuateFasciculusL	rd1	DSIStudio	/scratch/executivefunction/SLURM_8364170_114/job-8364170-114-sub-20966-ses-1/ds/inputs/data/qsiprep/qsiprep/sub-20966/ses-1/dwi/sub-20966_ses-1_space-ACPC_desc-preproc_dwi.nii.gz	0.0081711484177685	0.8355834504910165	0.3245894226403812	0.7800763249397278	0.8424673764612091	0.7810449004173279	0.3169018790899979	0.7004977794746209	0.7009223306451979	sub-20966	ses-1				space-ACPC			DSIStudio	autotrackgqi
Association_ArcuateFasciculusL	rd2	DSIStudio	/scratch/executivefunction/SLURM_8364170_114/job-8364170-114-sub-20966-ses-1/ds/inputs/data/qsiprep/qsiprep/sub-20966/ses-1/dwi/sub-20966_ses-1_space-ACPC_desc-preproc_dwi.nii.gz	0.0081711484177685	0.6189871088407525	0.340632829192446	0.571669340133667	0.6240866131826102	0.5746508538722992	0.3373486432823291	0.4157290414658209	0.4159810026493776	sub-20966	ses-1				space-ACPC			DSIStudio	autotrackgqi
Association_ArcuateFasciculusL	rd	DSIStudio	/scratch/executivefunction/SLURM_8364170_114/job-8364170-114-sub-20966-ses-1/ds/inputs/data/qsiprep/qsiprep/sub-20966/ses-1/dwi/sub-20966_ses-1_space-ACPC_desc-preproc_dwi.nii.gz	0.0081711484177685	0.7272852797389402	0.3244226644406707	0.6678953766822815	0.7332769948955672	0.6696228384971619	0.3189413385211244	0.5581134097203397	0.5584516658969522	sub-20966	ses-1				space-ACPC			DSIStudio	autotrackgqi
Association_ArcuateFasciculusL	txx	DSIStudio	/scratch/executivefunction/SLURM_8364170_114/job-8364170-114-sub-20966-ses-1/ds/inputs/data/qsiprep/qsiprep/sub-20966/ses-1/dwi/sub-20966_ses-1_space-ACPC_desc-preproc_dwi.nii.gz	0.0081711484177685	0.0009023566087831	0.0003130665830548	0.0008630051161162	0.0009097906431574	0.0008642983448226	0.0003034052211563	0.0007827619247838	0.0007832363338564	sub-20966	ses-1				space-ACPC			DSIStudio	autotrackgqi
Association_ArcuateFasciculusL	txy	DSIStudio	/scratch/executivefunction/SLURM_8364170_114/job-8364170-114-sub-20966-ses-1/ds/inputs/data/qsiprep/qsiprep/sub-20966/ses-1/dwi/sub-20966_ses-1_space-ACPC_desc-preproc_dwi.nii.gz	0.0081711484177685	-9.36636037879337e-07	0.000118294595738	-3.257776199916407e-07	-9.443524821698348e-07	-1.2521037433543825e-06	0.0001187808485717	1.658420910169645e-05	1.6594260373466017e-05	sub-20966	ses-1				space-ACPC			DSIStudio	autotrackgqi
Association_ArcuateFasciculusL	txz	DSIStudio	/scratch/executivefunction/SLURM_8364170_114/job-8364170-114-sub-20966-ses-1/ds/inputs/data/qsiprep/qsiprep/sub-20966/ses-1/dwi/sub-20966_ses-1_space-ACPC_desc-preproc_dwi.nii.gz	0.0081711484177685	-2.278319403663045e-05	0.0001463428733902	-8.536796485714149e-06	-2.297089260943073e-05	-9.878139735519651e-06	0.000146929785709	-5.665899988033689e-05	-5.6693339454093565e-05	sub-20966	ses-1				space-ACPC			DSIStudio	autotrackgqi
Association_ArcuateFasciculusL	tyy	DSIStudio	/scratch/executivefunction/SLURM_8364170_114/job-8364170-114-sub-20966-ses-1/ds/inputs/data/qsiprep/qsiprep/sub-20966/ses-1/dwi/sub-20966_ses-1_space-ACPC_desc-preproc_dwi.nii.gz	0.0081711484177685	0.0008650182772311	0.0003485247706481	0.0008022931870073	0.0008721447010249	0.0008035022765398	0.000340961824109	0.0008208262919134	0.0008213237706235	sub-20966	ses-1				space-ACPC			DSIStudio	autotrackgqi
Association_ArcuateFasciculusL	tyz	DSIStudio	/scratch/executivefunction/SLURM_8364170_114/job-8364170-114-sub-20966-ses-1/ds/inputs/data/qsiprep/qsiprep/sub-20966/ses-1/dwi/sub-20966_ses-1_space-ACPC_desc-preproc_dwi.nii.gz	0.0081711484177685	3.2613898273887166e-05	0.0001263691222701	1.8759641534416005e-05	3.288258677075113e-05	1.9475559383863583e-05	0.00012685377895	3.2890187301041097e-05	3.2910121365151336e-05	sub-20966	ses-1				space-ACPC			DSIStudio	autotrackgqi
Association_ArcuateFasciculusL	tzz	DSIStudio	/scratch/executivefunction/SLURM_8364170_114/job-8364170-114-sub-20966-ses-1/ds/inputs/data/qsiprep/qsiprep/sub-20966/ses-1/dwi/sub-20966_ses-1_space-ACPC_desc-preproc_dwi.nii.gz	0.0081711484177685	0.0008130609600011	0.0003656039477259	0.0007679829723201	0.0008197593351958	0.0007703527226112	0.0003595502688691	0.0006771231787364	0.0006775335636152	sub-20966	ses-1				space-ACPC			DSIStudio	autotrackgqi
Association_InferiorFrontoOccipitalFasciculusR	ad	DSIStudio	/scratch/executivefunction/SLURM_8364170_114/job-8364170-114-sub-20966-ses-1/ds/inputs/data/qsiprep/qsiprep/sub-20966/ses-1/dwi/sub-20966_ses-1_space-ACPC_desc-preproc_dwi.nii.gz	0.0004032800107541	1.198040886437449	0.3280690360225511	1.1239044666290283	1.198524227300724	1.1241059303283691	0.3272513085009876	1.2775423589887434	1.277544643235874	sub-20966	ses-1				space-ACPC			DSIStudio	autotrackgqi
Association_InferiorFrontoOccipitalFasciculusR	dti_fa	DSIStudio	/scratch/executivefunction/SLURM_8364170_114/job-8364170-114-sub-20966-ses-1/ds/inputs/data/qsiprep/qsiprep/sub-20966/ses-1/dwi/sub-20966_ses-1_space-ACPC_desc-preproc_dwi.nii.gz	0.0004032800107541	0.3472408535499048	0.1907751070378547	0.3317064344882965	0.3473809453412778	0.3317272216081619	0.1906860236119263	0.5089970912777637	0.5089980012761015	sub-20966	ses-1				space-ACPC			DSIStudio	autotrackgqi
Association_InferiorFrontoOccipitalFasciculusR	gfa	DSIStudio	/scratch/executivefunction/SLURM_8364170_114/job-8364170-114-sub-20966-ses-1/ds/inputs/data/qsiprep/qsiprep/sub-20966/ses-1/dwi/sub-20966_ses-1_space-ACPC_desc-preproc_dwi.nii.gz	0.0004032800107541	0.0765258131031959	0.0409997814925277	0.0717807114124298	0.076556686884706	0.0717960819602012	0.040979222393546	0.1114249295276449	0.1114251287510496	sub-20966	ses-1				space-ACPC			DSIStudio	autotrackgqi
Association_InferiorFrontoOccipitalFasciculusR	ha	DSIStudio	/scratch/executivefunction/SLURM_8364170_114/job-8364170-114-sub-20966-ses-1/ds/inputs/data/qsiprep/qsiprep/sub-20966/ses-1/dwi/sub-20966_ses-1_space-ACPC_desc-preproc_dwi.nii.gz	0.0004032800107541	1.4804538007022052	32.09673481839104	2.076908826828003	1.4810510789972706	2.079172134399414	32.103194984910665	0.3808133678136869	0.3808140528716368	sub-20966	ses-1				space-ACPC			DSIStudio	autotrackgqi
Association_InferiorFrontoOccipitalFasciculusR	iso	DSIStudio	/scratch/executivefunction/SLURM_8364170_114/job-8364170-114-sub-20966-ses-1/ds/inputs/data/qsiprep/qsiprep/sub-20966/ses-1/dwi/sub-20966_ses-1_space-ACPC_desc-preproc_dwi.nii.gz	0.0004032800107541	0.540275646864142	0.139771569344322	0.5225149393081665	0.5404936171358731	0.5226647555828094	0.1393777663407527	0.4915907977763081	0.4915916767144883	sub-20966	ses-1				space-ACPC			DSIStudio	autotrackgqi
Association_InferiorFrontoOccipitalFasciculusR	md	DSIStudio	/scratch/executivefunction/SLURM_8364170_114/job-8364170-114-sub-20966-ses-1/ds/inputs/data/qsiprep/qsiprep/sub-20966/ses-1/dwi/sub-20966_ses-1_space-ACPC_desc-preproc_dwi.nii.gz	0.0004032800107541	0.8704685765915876	0.272432442925591	0.7876326441764832	0.8708197607940855	0.7876767814159393	0.2719256536365289	0.780654876260602	0.7806562720720664	sub-20966	ses-1				space-ACPC			DSIStudio	autotrackgqi
Association_InferiorFrontoOccipitalFasciculusR	qa	DSIStudio	/scratch/executivefunction/SLURM_8364170_114/job-8364170-114-sub-20966-ses-1/ds/inputs/data/qsiprep/qsiprep/sub-20966/ses-1/dwi/sub-20966_ses-1_space-ACPC_desc-preproc_dwi.nii.gz	0.0004032800107541	0.1780858679613471	0.0935566914957902	0.1682729721069336	0.1781577154067322	0.1683184206485748	0.0935071420923023	0.2529930454288803	0.2529934977790376	sub-20966	ses-1				space-ACPC			DSIStudio	autotrackgqi
Association_InferiorFrontoOccipitalFasciculusR	rd1	DSIStudio	/scratch/executivefunction/SLURM_8364170_114/job-8364170-114-sub-20966-ses-1/ds/inputs/data/qsiprep/qsiprep/sub-20966/ses-1/dwi/sub-20966_ses-1_space-ACPC_desc-preproc_dwi.nii.gz	0.0004032800107541	0.8080439032193778	0.309458500906465	0.7502632141113281	0.8083699026424087	0.7502855658531189	0.309094922599293	0.6303497218945947	0.6303508488733569	sub-20966	ses-1				space-ACPC			DSIStudio	autotrackgqi
Association_InferiorFrontoOccipitalFasciculusR	rd2	DSIStudio	/scratch/executivefunction/SLURM_8364170_114/job-8364170-114-sub-20966-ses-1/ds/inputs/data/qsiprep/qsiprep/sub-20966/ses-1/dwi/sub-20966_ses-1_space-ACPC_desc-preproc_dwi.nii.gz	0.0004032800107541	0.605320943541257	0.3034150031493005	0.537951648235321	0.605565155863826	0.5380931198596954	0.3032324502206806	0.434072547232739	0.4340733234412378	sub-20966	ses-1				space-ACPC			DSIStudio	autotrackgqi
Association_InferiorFrontoOccipitalFasciculusR	rd	DSIStudio	/scratch/executivefunction/SLURM_8364170_114/job-8364170-114-sub-20966-ses-1/ds/inputs/data/qsiprep/qsiprep/sub-20966/ses-1/dwi/sub-20966_ses-1_space-ACPC_desc-preproc_dwi.nii.gz	0.0004032800107541	0.7066824234153718	0.298862508786833	0.6393182873725891	0.706967529288186	0.6394930481910706	0.2985854544051981	0.5322111348023925	0.5322120863960235	sub-20966	ses-1				space-ACPC			DSIStudio	autotrackgqi
Association_InferiorFrontoOccipitalFasciculusR	txx	DSIStudio	/scratch/executivefunction/SLURM_8364170_114/job-8364170-114-sub-20966-ses-1/ds/inputs/data/qsiprep/qsiprep/sub-20966/ses-1/dwi/sub-20966_ses-1_space-ACPC_desc-preproc_dwi.nii.gz	0.0004032800107541	0.0008248488678415	0.000332190256808	0.0007863921928219	0.000825181647105	0.0007864755752962	0.0003318437635823	0.0006237788796929	0.0006237799949061	sub-20966	ses-1				space-ACPC			DSIStudio	autotrackgqi
Association_InferiorFrontoOccipitalFasciculusR	txy	DSIStudio	/scratch/executivefunction/SLURM_8364170_114/job-8364170-114-sub-20966-ses-1/ds/inputs/data/qsiprep/qsiprep/sub-20966/ses-1/dwi/sub-20966_ses-1_space-ACPC_desc-preproc_dwi.nii.gz	0.0004032800107541	1.226534251237207e-05	0.0001435323597941	1.1189154974999838e-05	1.2270290875408262e-05	1.1252883723500418e-05	0.0001435610989464	-1.1775759581013285e-05	-1.1775780514139362e-05	sub-20966	ses-1				space-ACPC			DSIStudio	autotrackgqi
Association_InferiorFrontoOccipitalFasciculusR	txz	DSIStudio	/scratch/executivefunction/SLURM_8364170_114/job-8364170-114-sub-20966-ses-1/ds/inputs/data/qsiprep/qsiprep/sub-20966/ses-1/dwi/sub-20966_ses-1_space-ACPC_desc-preproc_dwi.nii.gz	0.0004032800107541	3.041169452608748e-05	0.0001224664295927	2.1524023395613767e-05	3.0423963902577296e-05	2.153532113879919e-05	0.0001224896074716	5.976670007989892e-05	5.9766806843940425e-05	sub-20966	ses-1				space-ACPC			DSIStudio	autotrackgqi
Association_InferiorFrontoOccipitalFasciculusR	tyy	DSIStudio	/scratch/executivefunction/SLURM_8364170_114/job-8364170-114-sub-20966-ses-1/ds/inputs/data/qsiprep/qsiprep/sub-20966/ses-1/dwi/sub-20966_ses-1_space-ACPC_desc-preproc_dwi.nii.gz	0.0004032800107541	0.0009826949620592	0.000347708107551	0.0009090196690522	0.0009830914231789	0.0009091747633647	0.0003472174349431	0.0010835781997481	0.0010835801372052	sub-20966	ses-1				space-ACPC			DSIStudio	autotrackgqi
Association_InferiorFrontoOccipitalFasciculusR	tyz	DSIStudio	/scratch/executivefunction/SLURM_8364170_114/job-8364170-114-sub-20966-ses-1/ds/inputs/data/qsiprep/qsiprep/sub-20966/ses-1/dwi/sub-20966_ses-1_space-ACPC_desc-preproc_dwi.nii.gz	0.0004032800107541	2.459387759995455e-05	0.0001725382118423	3.388897994227591e-06	2.46037998206108e-05	3.4720090980044915e-06	0.0001725723056658	3.708853640859457e-05	3.708860277185207e-05	sub-20966	ses-1				space-ACPC			DSIStudio	autotrackgqi
Association_InferiorFrontoOccipitalFasciculusR	tzz	DSIStudio	/scratch/executivefunction/SLURM_8364170_114/job-8364170-114-sub-20966-ses-1/ds/inputs/data/qsiprep/qsiprep/sub-20966/ses-1/dwi/sub-20966_ses-1_space-ACPC_desc-preproc_dwi.nii.gz	0.0004032800107541	0.0008038619032692	0.0003041319557113	0.0007618629024364	0.0008041862154948	0.0007619049283675	0.0003037643099508	0.0006346075480173	0.0006346086827815	sub-20966	ses-1				space-ACPC			DSIStudio	autotrackgqi
Association_MiddleLongitudinalFasciculusR	ad	DSIStudio	/scratch/executivefunction/SLURM_8364170_114/job-8364170-114-sub-20966-ses-1/ds/inputs/data/qsiprep/qsiprep/sub-20966/ses-1/dwi/sub-20966_ses-1_space-ACPC_desc-preproc_dwi.nii.gz	0.0	1.122618161871656	0.2242322093876825	1.0738041996955872	1.122618161871656	1.0738041996955872	0.2242322093876825	1.1984229743736448	1.198423077372122	sub-20966	ses-1				space-ACPC			DSIStudio	autotrackgqi
Association_MiddleLongitudinalFasciculusR	dti_fa	DSIStudio	/scratch/executivefunction/SLURM_8364170_114/job-8364170-114-sub-20966-ses-1/ds/inputs/data/qsiprep/qsiprep/sub-20966/ses-1/dwi/sub-20966_ses-1_space-ACPC_desc-preproc_dwi.nii.gz	0.0	0.3175082053709139	0.191594565011025	0.2856450229883194	0.3175082053709139	0.2856450229883194	0.191594565011025	0.4578952401497518	0.4578952795684899	sub-20966	ses-1				space-ACPC			DSIStudio	autotrackgqi
Association_MiddleLongitudinalFasciculusR	gfa	DSIStudio	/scratch/executivefunction/SLURM_8364170_114/job-8364170-114-sub-20966-ses-1/ds/inputs/data/qsiprep/qsiprep/sub-20966/ses-1/dwi/sub-20966_ses-1_space-ACPC_desc-preproc_dwi.nii.gz	0.0	0.0711434162796765	0.0414264828463047	0.0637197718024253	0.0711434162796765	0.0637197718024253	0.0414264828463047	0.101041028304046	0.1010410369979778	sub-20966	ses-1				space-ACPC			DSIStudio	autotrackgqi
Association_MiddleLongitudinalFasciculusR	ha	DSIStudio	/scratch/executivefunction/SLURM_8364170_114/job-8364170-114-sub-20966-ses-1/ds/inputs/data/qsiprep/qsiprep/sub-20966/ses-1/dwi/sub-20966_ses-1_space-ACPC_desc-preproc_dwi.nii.gz	0.0	-14.365702934804585	37.040447381686285	-20.831417083740234	-14.365702934804585	-20.831417083740234	37.040447381686285	-29.06031123068754	-29.060313725373952	sub-20966	ses-1				space-ACPC			DSIStudio	autotrackgqi
Association_MiddleLongitudinalFasciculusR	iso	DSIStudio	/scratch/executivefunction/SLURM_8364170_114/job-8364170-114-sub-20966-ses-1/ds/inputs/data/qsiprep/qsiprep/sub-20966/ses-1/dwi/sub-20966_ses-1_space-ACPC_desc-preproc_dwi.nii.gz	0.0	0.5821533619441042	0.1325933931360268	0.5434633195400238	0.5821533619441042	0.5434633195400238	0.1325933931360268	0.5172842251298593	0.5172842695145645	sub-20966	ses-1				space-ACPC			DSIStudio	autotrackgqi
Association_MiddleLongitudinalFasciculusR	md	DSIStudio	/scratch/executivefunction/SLURM_8364170_114/job-8364170-114-sub-20966-ses-1/ds/inputs/data/qsiprep/qsiprep/sub-20966/ses-1/dwi/sub-20966_ses-1_space-ACPC_desc-preproc_dwi.nii.gz	0.0	0.8373940356771604	0.1716437599398601	0.7921612560749054	0.8373940356771604	0.7921612560749054	0.1716437599398601	0.7757333323905024	0.7757333989396994	sub-20966	ses-1				space-ACPC			DSIStudio	autotrackgqi
Association_MiddleLongitudinalFasciculusR	qa	DSIStudio	/scratch/executivefunction/SLURM_8364170_114/job-8364170-114-sub-20966-ses-1/ds/inputs/data/qsiprep/qsiprep/sub-20966/ses-1/dwi/sub-20966_ses-1_space-ACPC_desc-preproc_dwi.nii.gz	0.0	0.1731425857638138	0.0925965264136073	0.156861700117588	0.1731425857638138	0.156861700117588	0.0925965264136073	0.2383942367559283	0.2383942572614384	sub-20966	ses-1				space-ACPC			DSIStudio	autotrackgqi
Association_MiddleLongitudinalFasciculusR	rd1	DSIStudio	/scratch/executivefunction/SLURM_8364170_114/job-8364170-114-sub-20966-ses-1/ds/inputs/data/qsiprep/qsiprep/sub-20966/ses-1/dwi/sub-20966_ses-1_space-ACPC_desc-preproc_dwi.nii.gz	0.0	0.7952137570514223	0.2050625735934529	0.7820597887039185	0.7952137570514223	0.7820597887039185	0.2050625735934529	0.6852155378242547	0.6852155964539693	sub-20966	ses-1				space-ACPC			DSIStudio	autotrackgqi
Association_MiddleLongitudinalFasciculusR	rd2	DSIStudio	/scratch/executivefunction/SLURM_8364170_114/job-8364170-114-sub-20966-ses-1/ds/inputs/data/qsiprep/qsiprep/sub-20966/ses-1/dwi/sub-20966_ses-1_space-ACPC_desc-preproc_dwi.nii.gz	0.0	0.5943501878368556	0.248664346370068	0.5601438283920288	0.5943501878368556	0.5601438283920288	0.248664346370068	0.4435614911598559	0.4435615291792555	sub-20966	ses-1				space-ACPC			DSIStudio	autotrackgqi
Association_MiddleLongitudinalFasciculusR	rd	DSIStudio	/scratch/executivefunction/SLURM_8364170_114/job-8364170-114-sub-20966-ses-1/ds/inputs/data/qsiprep/qsiprep/sub-20966/ses-1/dwi/sub-20966_ses-1_space-ACPC_desc-preproc_dwi.nii.gz	0.0	0.6947819719553537	0.2188008933102275	0.6698254644870758	0.6947819719553537	0.6698254644870758	0.2188008933102275	0.5643885134141712	0.5643885617387283	sub-20966	ses-1				space-ACPC			DSIStudio	autotrackgqi
Association_MiddleLongitudinalFasciculusR	txx	DSIStudio	/scratch/executivefunction/SLURM_8364170_114/job-8364170-114-sub-20966-ses-1/ds/inputs/data/qsiprep/qsiprep/sub-20966/ses-1/dwi/sub-20966_ses-1_space-ACPC_desc-preproc_dwi.nii.gz	0.0	0.0008098612431507	0.0002296806290531	0.0008043605193961	0.0008098612431507	0.0008043605193961	0.0002296806290531	0.0007293825462845	0.0007293826087611	sub-20966	ses-1				space-ACPC			DSIStudio	autotrackgqi
Association_MiddleLongitudinalFasciculusR	txy	DSIStudio	/scratch/executivefunction/SLURM_8364170_114/job-8364170-114-sub-20966-ses-1/ds/inputs/data/qsiprep/qsiprep/sub-20966/ses-1/dwi/sub-20966_ses-1_space-ACPC_desc-preproc_dwi.nii.gz	0.0	4.025091474647719e-05	0.0001290019415312	2.512752871552948e-05	4.025091474647719e-05	2.512752871552948e-05	0.0001290019415312	7.408537529912299e-05	7.408538170479275e-05	sub-20966	ses-1				space-ACPC			DSIStudio	autotrackgqi
Association_MiddleLongitudinalFasciculusR	txz	DSIStudio	/scratch/executivefunction/SLURM_8364170_114/job-8364170-114-sub-20966-ses-1/ds/inputs/data/qsiprep/qsiprep/sub-20966/ses-1/dwi/sub-20966_ses-1_space-ACPC_desc-preproc_dwi.nii.gz	0.0	1.4785314411568736e-05	0.0001086201812606	1.06930488072976e-05	1.4785314411568736e-05	1.06930488072976e-05	0.0001086201812606	4.157121346781624e-05	4.157121708026353e-05	sub-20966	ses-1				space-ACPC			DSIStudio	autotrackgqi
Association_MiddleLongitudinalFasciculusR	tyy	DSIStudio	/scratch/executivefunction/SLURM_8364170_114/job-8364170-114-sub-20966-ses-1/ds/inputs/data/qsiprep/qsiprep/sub-20966/ses-1/dwi/sub-20966_ses-1_space-ACPC_desc-preproc_dwi.nii.gz	0.0	0.0008620063302527	0.0002207073537207	0.0008279082248918	0.0008620063302527	0.0008279082248918	0.0002207073537207	0.0007847513825816	0.0007847514500085	sub-20966	ses-1				space-ACPC			DSIStudio	autotrackgqi
Association_MiddleLongitudinalFasciculusR	tyz	DSIStudio	/scratch/executivefunction/SLURM_8364170_114/job-8364170-114-sub-20966-ses-1/ds/inputs/data/qsiprep/qsiprep/sub-20966/ses-1/dwi/sub-20966_ses-1_space-ACPC_desc-preproc_dwi.nii.gz	0.0	0.0001196959787976	0.0001660504021481	7.877986718085594e-05	0.0001196959787976	7.877986718085594e-05	0.0001660504021481	0.0002356682068181	0.0002356682271618	sub-20966	ses-1				space-ACPC			DSIStudio	autotrackgqi
Association_MiddleLongitudinalFasciculusR	tzz	DSIStudio	/scratch/executivefunction/SLURM_8364170_114/job-8364170-114-sub-20966-ses-1/ds/inputs/data/qsiprep/qsiprep/sub-20966/ses-1/dwi/sub-20966_ses-1_space-ACPC_desc-preproc_dwi.nii.gz	0.0	0.0008403145310833	0.000221749437734	0.0008158077253028	0.0008403145310833	0.0008158077253028	0.000221749437734	0.0008130660704293	0.0008130661401734	sub-20966	ses-1				space-ACPC			DSIStudio	autotrackgqi
Association_ArcuateFasciculusR	ad	DSIStudio	/scratch/executivefunction/SLURM_8364170_114/job-8364170-114-sub-20966-ses-1/ds/inputs/data/qsiprep/qsiprep/sub-20966/ses-1/dwi/sub-20966_ses-1_space-ACPC_desc-preproc_dwi.nii.gz	0.0005255781359495	1.1310053191865	0.271119433477369	1.0735065340995789	1.1316000634384824	1.0735827684402466	0.2699470094384468	1.1323687939570173	1.13238580337217	sub-20966	ses-1				space-ACPC			DSIStudio	autotrackgqi
Association_ArcuateFasciculusR	dti_fa	DSIStudio	/scratch/executivefunction/SLURM_8364170_114/job-8364170-114-sub-20966-ses-1/ds/inputs/data/qsiprep/qsiprep/sub-20966/ses-1/dwi/sub-20966_ses-1_space-ACPC_desc-preproc_dwi.nii.gz	0.0005255781359495	0.323805853842445	0.1754312340702931	0.3121609091758728	0.3239761286122132	0.3123473227024078	0.1753200977846461	0.4320182658329126	0.4320247553520561	sub-20966	ses-1				space-ACPC			DSIStudio	autotrackgqi
Association_ArcuateFasciculusR	gfa	DSIStudio	/scratch/executivefunction/SLURM_8364170_114/job-8364170-114-sub-20966-ses-1/ds/inputs/data/qsiprep/qsiprep/sub-20966/ses-1/dwi/sub-20966_ses-1_space-ACPC_desc-preproc_dwi.nii.gz	0.0005255781359495	0.0715239112491875	0.0363424190740969	0.068626519292593	0.0715615224207471	0.0686390399932861	0.0363149341879516	0.0931819842406433	0.0931833839590954	sub-20966	ses-1				space-ACPC			DSIStudio	autotrackgqi
Association_ArcuateFasciculusR	ha	DSIStudio	/scratch/executivefunction/SLURM_8364170_114/job-8364170-114-sub-20966-ses-1/ds/inputs/data/qsiprep/qsiprep/sub-20966/ses-1/dwi/sub-20966_ses-1_space-ACPC_desc-preproc_dwi.nii.gz	0.0005255781359495	-6.854742829621956	34.61332370996711	-8.686474800109863	-6.858347427078374	-8.701242446899414	34.6220662813524	-9.491969238121609	-9.492111823680704	sub-20966	ses-1				space-ACPC			DSIStudio	autotrackgqi
Association_ArcuateFasciculusR	iso	DSIStudio	/scratch/executivefunction/SLURM_8364170_114/job-8364170-114-sub-20966-ses-1/ds/inputs/data/qsiprep/qsiprep/sub-20966/ses-1/dwi/sub-20966_ses-1_space-ACPC_desc-preproc_dwi.nii.gz	0.0005255781359495	0.5429155192238075	0.0944708958485559	0.5363109111785889	0.5432010138000866	0.5363553762435913	0.0936715663331999	0.5125695046922147	0.5125772039065335	sub-20966	ses-1				space-ACPC			DSIStudio	autotrackgqi
Association_ArcuateFasciculusR	md	DSIStudio	/scratch/executivefunction/SLURM_8364170_114/job-8364170-114-sub-20966-ses-1/ds/inputs/data/qsiprep/qsiprep/sub-20966/ses-1/dwi/sub-20966_ses-1_space-ACPC_desc-preproc_dwi.nii.gz	0.0005255781359495	0.8472437655792089	0.253357169331171	0.780771791934967	0.8476892925374452	0.7807911038398743	0.2526775442032401	0.7595088902889908	0.7595202987735328	sub-20966	ses-1				space-ACPC			DSIStudio	autotrackgqi
Association_ArcuateFasciculusR	qa	DSIStudio	/scratch/executivefunction/SLURM_8364170_114/job-8364170-114-sub-20966-ses-1/ds/inputs/data/qsiprep/qsiprep/sub-20966/ses-1/dwi/sub-20966_ses-1_space-ACPC_desc-preproc_dwi.nii.gz	0.0005255781359495	0.1698844493680046	0.0861310599588876	0.1614136174321174	0.1699737838724926	0.1615033745765686	0.0860655334548924	0.2214075986099345	0.2214109244522628	sub-20966	ses-1				space-ACPC			DSIStudio	autotrackgqi
Association_ArcuateFasciculusR	rd1	DSIStudio	/scratch/executivefunction/SLURM_8364170_114/job-8364170-114-sub-20966-ses-1/ds/inputs/data/qsiprep/qsiprep/sub-20966/ses-1/dwi/sub-20966_ses-1_space-ACPC_desc-preproc_dwi.nii.gz	0.0005255781359495	0.8107408960496703	0.2743609013531154	0.7661239504814148	0.8111672278092056	0.76613450050354	0.2738022296513649	0.6976922685098645	0.6977027483543548	sub-20966	ses-1				space-ACPC			DSIStudio	autotrackgqi
Association_ArcuateFasciculusR	rd2	DSIStudio	/scratch/executivefunction/SLURM_8364170_114/job-8364170-114-sub-20966-ses-1/ds/inputs/data/qsiprep/qsiprep/sub-20966/ses-1/dwi/sub-20966_ses-1_space-ACPC_desc-preproc_dwi.nii.gz	0.0005255781359495	0.5999850803384454	0.3055471327081169	0.5455028414726257	0.6003005852010248	0.545552670955658	0.3053174509105217	0.4484656047791426	0.4484723409730711	sub-20966	ses-1				space-ACPC			DSIStudio	autotrackgqi
Association_ArcuateFasciculusR	rd	DSIStudio	/scratch/executivefunction/SLURM_8364170_114/job-8364170-114-sub-20966-ses-1/ds/inputs/data/qsiprep/qsiprep/sub-20966/ses-1/dwi/sub-20966_ses-1_space-ACPC_desc-preproc_dwi.nii.gz	0.0005255781359495	0.7053629878931891	0.2828584617956924	0.6537576615810394	0.7057339062040883	0.6538728475570679	0.2824698441022186	0.5730789364119916	0.5730875444311975	sub-20966	ses-1				space-ACPC			DSIStudio	autotrackgqi
Association_ArcuateFasciculusR	txx	DSIStudio	/scratch/executivefunction/SLURM_8364170_114/job-8364170-114-sub-20966-ses-1/ds/inputs/data/qsiprep/qsiprep/sub-20966/ses-1/dwi/sub-20966_ses-1_space-ACPC_desc-preproc_dwi.nii.gz	0.0005255781359495	0.000890000579685	0.0002902970342172	0.0008574614184908	0.0008904685905069	0.000857732957229	0.0002896548534782	0.0007834438992651	0.0007834556670905	sub-20966	ses-1				space-ACPC			DSIStudio	autotrackgqi
Association_ArcuateFasciculusR	txy	DSIStudio	/scratch/executivefunction/SLURM_8364170_114/job-8364170-114-sub-20966-ses-1/ds/inputs/data/qsiprep/qsiprep/sub-20966/ses-1/dwi/sub-20966_ses-1_space-ACPC_desc-preproc_dwi.nii.gz	0.0005255781359495	5.6905421075701865e-06	0.0001177313139143	8.682882253197022e-06	5.693534504822195e-06	8.714841897017322e-06	0.0001177621922795	-1.6497564059159906e-05	-1.649781191196031e-05	sub-20966	ses-1				space-ACPC			DSIStudio	autotrackgqi
Association_ArcuateFasciculusR	txz	DSIStudio	/scratch/executivefunction/SLURM_8364170_114/job-8364170-114-sub-20966-ses-1/ds/inputs/data/qsiprep/qsiprep/sub-20966/ses-1/dwi/sub-20966_ses-1_space-ACPC_desc-preproc_dwi.nii.gz	0.0005255781359495	4.338525003049203e-05	0.0001411957810009	2.8444585041143e-05	4.340806436004356e-05	2.84988582279766e-05	0.0001412293942948	3.49731697373097e-05	3.497369525211744e-05	sub-20966	ses-1				space-ACPC			DSIStudio	autotrackgqi
Association_ArcuateFasciculusR	tyy	DSIStudio	/scratch/executivefunction/SLURM_8364170_114/job-8364170-114-sub-20966-ses-1/ds/inputs/data/qsiprep/qsiprep/sub-20966/ses-1/dwi/sub-20966_ses-1_space-ACPC_desc-preproc_dwi.nii.gz	0.0005255781359495	0.0008332560381411	0.0003179609730396	0.0007858278986532	0.0008336942095897	0.000785875483416	0.0003174697510584	0.0008107526582235	0.0008107648367098	sub-20966	ses-1				space-ACPC			DSIStudio	autotrackgqi
Association_ArcuateFasciculusR	tyz	DSIStudio	/scratch/executivefunction/SLURM_8364170_114/job-8364170-114-sub-20966-ses-1/ds/inputs/data/qsiprep/qsiprep/sub-20966/ses-1/dwi/sub-20966_ses-1_space-ACPC_desc-preproc_dwi.nii.gz	0.0005255781359495	4.316220832359294e-05	0.0001281655503902	2.9118642487446778e-05	4.3184905365656176e-05	2.917248457379173e-05	0.0001281954212839	3.95440779637835e-05	3.954467203662621e-05	sub-20966	ses-1				space-ACPC			DSIStudio	autotrackgqi
Association_ArcuateFasciculusR	tzz	DSIStudio	/scratch/executivefunction/SLURM_8364170_114/job-8364170-114-sub-20966-ses-1/ds/inputs/data/qsiprep/qsiprep/sub-20966/ses-1/dwi/sub-20966_ses-1_space-ACPC_desc-preproc_dwi.nii.gz	0.0005255781359495	0.0008184746777869	0.0002981672579493	0.0007943956879898	0.0008189050763905	0.0007944497046992	0.0002976541760682	0.0006843301108241	0.000684340389966	sub-20966	ses-1				space-ACPC			DSIStudio	autotrackgqi
Association_CingulumL	ad	DSIStudio	/scratch/executivefunction/SLURM_8364170_114/job-8364170-114-sub-20966-ses-1/ds/inputs/data/qsiprep/qsiprep/sub-20966/ses-1/dwi/sub-20966_ses-1_space-ACPC_desc-preproc_dwi.nii.gz	0.0	1.1773110693546185	0.3193672041793698	1.097970724105835	1.1773110693546185	1.097970724105835	0.3193672041793698	1.2463608310418974	1.2463608310418974	sub-20966	ses-1				space-ACPC			DSIStudio	autotrackgqi
Association_CingulumL	dti_fa	DSIStudio	/scratch/executivefunction/SLURM_8364170_114/job-8364170-114-sub-20966-ses-1/ds/inputs/data/qsiprep/qsiprep/sub-20966/ses-1/dwi/sub-20966_ses-1_space-ACPC_desc-preproc_dwi.nii.gz	0.0	0.3255367025374982	0.1896596099333798	0.2861658632755279	0.3255367025374982	0.2861658632755279	0.1896596099333798	0.4799256246750217	0.4799256246750217	sub-20966	ses-1				space-ACPC			DSIStudio	autotrackgqi
Association_CingulumL	gfa	DSIStudio	/scratch/executivefunction/SLURM_8364170_114/job-8364170-114-sub-20966-ses-1/ds/inputs/data/qsiprep/qsiprep/sub-20966/ses-1/dwi/sub-20966_ses-1_space-ACPC_desc-preproc_dwi.nii.gz	0.0	0.0725474479818	0.0409691471518221	0.0646439641714096	0.0725474479818	0.0646439641714096	0.0409691471518221	0.1042033875766029	0.1042033875766029	sub-20966	ses-1				space-ACPC			DSIStudio	autotrackgqi
Association_CingulumL	ha	DSIStudio	/scratch/executivefunction/SLURM_8364170_114/job-8364170-114-sub-20966-ses-1/ds/inputs/data/qsiprep/qsiprep/sub-20966/ses-1/dwi/sub-20966_ses-1_space-ACPC_desc-preproc_dwi.nii.gz	0.0	5.043862127472586	38.28331002617496	10.077113151550291	5.043862127472586	10.077113151550291	38.28331002617496	6.238352175503639	6.238352175503639	sub-20966	ses-1				space-ACPC			DSIStudio	autotrackgqi
Association_CingulumL	iso	DSIStudio	/scratch/executivefunction/SLURM_8364170_114/job-8364170-114-sub-20966-ses-1/ds/inputs/data/qsiprep/qsiprep/sub-20966/ses-1/dwi/sub-20966_ses-1_space-ACPC_desc-preproc_dwi.nii.gz	0.0	0.5224927424382253	0.1466788227333436	0.4984122365713119	0.5224927424382253	0.4984122365713119	0.1466788227333436	0.4760950457786573	0.4760950457786573	sub-20966	ses-1				space-ACPC			DSIStudio	autotrackgqi
Association_CingulumL	md	DSIStudio	/scratch/executivefunction/SLURM_8364170_114/job-8364170-114-sub-20966-ses-1/ds/inputs/data/qsiprep/qsiprep/sub-20966/ses-1/dwi/sub-20966_ses-1_space-ACPC_desc-preproc_dwi.nii.gz	0.0	0.8700436071899954	0.2567683818785466	0.8017564117908478	0.8700436071899954	0.8017564117908478	0.2567683818785466	0.7875190524582623	0.7875190524582623	sub-20966	ses-1				space-ACPC			DSIStudio	autotrackgqi
Association_CingulumL	qa	DSIStudio	/scratch/executivefunction/SLURM_8364170_114/job-8364170-114-sub-20966-ses-1/ds/inputs/data/qsiprep/qsiprep/sub-20966/ses-1/dwi/sub-20966_ses-1_space-ACPC_desc-preproc_dwi.nii.gz	0.0	0.1621612434508996	0.0889855764114555	0.1437832415103912	0.1621612434508996	0.1437832415103912	0.0889855764114555	0.2251134358891639	0.2251134358891639	sub-20966	ses-1				space-ACPC			DSIStudio	autotrackgqi
Association_CingulumL	rd1	DSIStudio	/scratch/executivefunction/SLURM_8364170_114/job-8364170-114-sub-20966-ses-1/ds/inputs/data/qsiprep/qsiprep/sub-20966/ses-1/dwi/sub-20966_ses-1_space-ACPC_desc-preproc_dwi.nii.gz	0.0	0.8137052583420844	0.282810687242999	0.7751932442188263	0.8137052583420844	0.7751932442188263	0.282810687242999	0.6769963894785154	0.6769963894785154	sub-20966	ses-1				space-ACPC			DSIStudio	autotrackgqi
Association_CingulumL	rd2	DSIStudio	/scratch/executivefunction/SLURM_8364170_114/job-8364170-114-sub-20966-ses-1/ds/inputs/data/qsiprep/qsiprep/sub-20966/ses-1/dwi/sub-20966_ses-1_space-ACPC_desc-preproc_dwi.nii.gz	0.0	0.6191144946292912	0.2967307646456744	0.586779773235321	0.6191144946292912	0.586779773235321	0.2967307646456744	0.4391999353541257	0.4391999353541257	sub-20966	ses-1				space-ACPC			DSIStudio	autotrackgqi
Association_CingulumL	rd	DSIStudio	/scratch/executivefunction/SLURM_8364170_114/job-8364170-114-sub-20966-ses-1/ds/inputs/data/qsiprep/qsiprep/sub-20966/ses-1/dwi/sub-20966_ses-1_space-ACPC_desc-preproc_dwi.nii.gz	0.0	0.7164098765571466	0.2831190062442983	0.6770987510681152	0.7164098765571466	0.6770987510681152	0.2831190062442983	0.5580981633530111	0.5580981633530111	sub-20966	ses-1				space-ACPC			DSIStudio	autotrackgqi
Association_CingulumL	txx	DSIStudio	/scratch/executivefunction/SLURM_8364170_114/job-8364170-114-sub-20966-ses-1/ds/inputs/data/qsiprep/qsiprep/sub-20966/ses-1/dwi/sub-20966_ses-1_space-ACPC_desc-preproc_dwi.nii.gz	0.0	0.0008342638582374	0.0003111816895578	0.0007951892621349	0.0008342638582374	0.0007951892621349	0.0003111816895578	0.0007152656256092	0.0007152656256092	sub-20966	ses-1				space-ACPC			DSIStudio	autotrackgqi
Association_CingulumL	txy	DSIStudio	/scratch/executivefunction/SLURM_8364170_114/job-8364170-114-sub-20966-ses-1/ds/inputs/data/qsiprep/qsiprep/sub-20966/ses-1/dwi/sub-20966_ses-1_space-ACPC_desc-preproc_dwi.nii.gz	0.0	-6.664739048626597e-06	0.000129435984117	-3.72623605926492e-06	-6.664739048626597e-06	-3.72623605926492e-06	0.000129435984117	1.7674749919381727e-05	1.7674749919381727e-05	sub-20966	ses-1				space-ACPC			DSIStudio	autotrackgqi
Association_CingulumL	txz	DSIStudio	/scratch/executivefunction/SLURM_8364170_114/job-8364170-114-sub-20966-ses-1/ds/inputs/data/qsiprep/qsiprep/sub-20966/ses-1/dwi/sub-20966_ses-1_space-ACPC_desc-preproc_dwi.nii.gz	0.0	-2.180815273199515e-05	0.0001613734960557	-2.5998748242272995e-05	-2.180815273199515e-05	-2.5998748242272995e-05	0.0001613734960557	-5.81528440704853e-06	-5.81528440704853e-06	sub-20966	ses-1				space-ACPC			DSIStudio	autotrackgqi
Association_CingulumL	tyy	DSIStudio	/scratch/executivefunction/SLURM_8364170_114/job-8364170-114-sub-20966-ses-1/ds/inputs/data/qsiprep/qsiprep/sub-20966/ses-1/dwi/sub-20966_ses-1_space-ACPC_desc-preproc_dwi.nii.gz	0.0	0.0009098588822661	0.0003249758521524	0.000844523863634	0.0009098588822661	0.000844523863634	0.0003249758521524	0.000945580683778	0.000945580683778	sub-20966	ses-1				space-ACPC			DSIStudio	autotrackgqi
Association_CingulumL	tyz	DSIStudio	/scratch/executivefunction/SLURM_8364170_114/job-8364170-114-sub-20966-ses-1/ds/inputs/data/qsiprep/qsiprep/sub-20966/ses-1/dwi/sub-20966_ses-1_space-ACPC_desc-preproc_dwi.nii.gz	0.0	4.765968576764988e-05	0.0001582888765561	3.131608355033677e-05	4.765968576764988e-05	3.131608355033677e-05	0.0001582888765561	6.254893212396078e-05	6.254893212396078e-05	sub-20966	ses-1				space-ACPC			DSIStudio	autotrackgqi
Association_CingulumL	tzz	DSIStudio	/scratch/executivefunction/SLURM_8364170_114/job-8364170-114-sub-20966-ses-1/ds/inputs/data/qsiprep/qsiprep/sub-20966/ses-1/dwi/sub-20966_ses-1_space-ACPC_desc-preproc_dwi.nii.gz	0.0	0.0008660080811106	0.0002897762373394	0.0008254185377154	0.0008660080811106	0.0008254185377154	0.0002897762373394	0.0007017108452351	0.0007017108452351	sub-20966	ses-1				space-ACPC			DSIStudio	autotrackgqi
Association_FrontalAslantTractR	ad	DSIStudio	/scratch/executivefunction/SLURM_8364170_114/job-8364170-114-sub-20966-ses-1/ds/inputs/data/qsiprep/qsiprep/sub-20966/ses-1/dwi/sub-20966_ses-1_space-ACPC_desc-preproc_dwi.nii.gz	0.0	1.13192775388963	0.2519116355795244	1.0746673345565796	1.13192775388963	1.0746673345565796	0.2519116355795244	1.1469963090592823	1.1469963090592823	sub-20966	ses-1				space-ACPC			DSIStudio	autotrackgqi
Association_FrontalAslantTractR	dti_fa	DSIStudio	/scratch/executivefunction/SLURM_8364170_114/job-8364170-114-sub-20966-ses-1/ds/inputs/data/qsiprep/qsiprep/sub-20966/ses-1/dwi/sub-20966_ses-1_space-ACPC_desc-preproc_dwi.nii.gz	0.0	0.3340791194596826	0.173212588812643	0.3246955275535583	0.3340791194596826	0.3246955275535583	0.173212588812643	0.4277360610416115	0.4277360610416115	sub-20966	ses-1				space-ACPC			DSIStudio	autotrackgqi
Association_FrontalAslantTractR	gfa	DSIStudio	/scratch/executivefunction/SLURM_8364170_114/job-8364170-114-sub-20966-ses-1/ds/inputs/data/qsiprep/qsiprep/sub-20966/ses-1/dwi/sub-20966_ses-1_space-ACPC_desc-preproc_dwi.nii.gz	0.0	0.0729703576151054	0.0361115636379124	0.0712207704782486	0.0729703576151054	0.0712207704782486	0.0361115636379124	0.0923505393631674	0.0923505393631674	sub-20966	ses-1				space-ACPC			DSIStudio	autotrackgqi
Association_FrontalAslantTractR	ha	DSIStudio	/scratch/executivefunction/SLURM_8364170_114/job-8364170-114-sub-20966-ses-1/ds/inputs/data/qsiprep/qsiprep/sub-20966/ses-1/dwi/sub-20966_ses-1_space-ACPC_desc-preproc_dwi.nii.gz	0.0	0.6999074419356645	46.35020474039593	-1.4290007948875427	0.6999074419356645	-1.4290007948875427	46.35020474039593	11.635075864902523	11.635075864902523	sub-20966	ses-1				space-ACPC			DSIStudio	autotrackgqi
Association_FrontalAslantTractR	iso	DSIStudio	/scratch/executivefunction/SLURM_8364170_114/job-8364170-114-sub-20966-ses-1/ds/inputs/data/qsiprep/qsiprep/sub-20966/ses-1/dwi/sub-20966_ses-1_space-ACPC_desc-preproc_dwi.nii.gz	0.0	0.5303453454011402	0.0882159044336875	0.5149607956409454	0.5303453454011402	0.5149607956409454	0.0882159044336875	0.5029863251986506	0.5029863251986506	sub-20966	ses-1				space-ACPC			DSIStudio	autotrackgqi
Association_FrontalAslantTractR	md	DSIStudio	/scratch/executivefunction/SLURM_8364170_114/job-8364170-114-sub-20966-ses-1/ds/inputs/data/qsiprep/qsiprep/sub-20966/ses-1/dwi/sub-20966_ses-1_space-ACPC_desc-preproc_dwi.nii.gz	0.0	0.8374450612899869	0.2333610091817033	0.7720188498497009	0.8374450612899869	0.7720188498497009	0.2333610091817033	0.7693279989268587	0.7693279989268587	sub-20966	ses-1				space-ACPC			DSIStudio	autotrackgqi
Association_FrontalAslantTractR	qa	DSIStudio	/scratch/executivefunction/SLURM_8364170_114/job-8364170-114-sub-20966-ses-1/ds/inputs/data/qsiprep/qsiprep/sub-20966/ses-1/dwi/sub-20966_ses-1_space-ACPC_desc-preproc_dwi.nii.gz	0.0	0.1699525080931232	0.0835554498155391	0.1628151908516883	0.1699525080931232	0.1628151908516883	0.0835554498155391	0.2113099375598667	0.2113099375598667	sub-20966	ses-1				space-ACPC			DSIStudio	autotrackgqi
Association_FrontalAslantTractR	rd1	DSIStudio	/scratch/executivefunction/SLURM_8364170_114/job-8364170-114-sub-20966-ses-1/ds/inputs/data/qsiprep/qsiprep/sub-20966/ses-1/dwi/sub-20966_ses-1_space-ACPC_desc-preproc_dwi.nii.gz	0.0	0.7915139408175682	0.2593556425048808	0.7506267428398132	0.7915139408175682	0.7506267428398132	0.2593556425048808	0.6972708432289259	0.6972708432289259	sub-20966	ses-1				space-ACPC			DSIStudio	autotrackgqi
Association_FrontalAslantTractR	rd2	DSIStudio	/scratch/executivefunction/SLURM_8364170_114/job-8364170-114-sub-20966-ses-1/ds/inputs/data/qsiprep/qsiprep/sub-20966/ses-1/dwi/sub-20966_ses-1_space-ACPC_desc-preproc_dwi.nii.gz	0.0	0.5888934899684648	0.2882944870860203	0.5279664695262909	0.5888934899684648	0.5279664695262909	0.2882944870860203	0.463716847873082	0.463716847873082	sub-20966	ses-1				space-ACPC			DSIStudio	autotrackgqi
Association_FrontalAslantTractR	rd	DSIStudio	/scratch/executivefunction/SLURM_8364170_114/job-8364170-114-sub-20966-ses-1/ds/inputs/data/qsiprep/qsiprep/sub-20966/ses-1/dwi/sub-20966_ses-1_space-ACPC_desc-preproc_dwi.nii.gz	0.0	0.6902037154558266	0.2673709414339005	0.6306806206703186	0.6902037154558266	0.6306806206703186	0.2673709414339005	0.5804938448855446	0.5804938448855446	sub-20966	ses-1				space-ACPC			DSIStudio	autotrackgqi
Association_FrontalAslantTractR	txx	DSIStudio	/scratch/executivefunction/SLURM_8364170_114/job-8364170-114-sub-20966-ses-1/ds/inputs/data/qsiprep/qsiprep/sub-20966/ses-1/dwi/sub-20966_ses-1_space-ACPC_desc-preproc_dwi.nii.gz	0.0	0.0008350620098035	0.0002841150715127	0.0008127202454488	0.0008350620098035	0.0008127202454488	0.0002841150715127	0.0007836013038226	0.0007836013038226	sub-20966	ses-1				space-ACPC			DSIStudio	autotrackgqi
Association_FrontalAslantTractR	txy	DSIStudio	/scratch/executivefunction/SLURM_8364170_114/job-8364170-114-sub-20966-ses-1/ds/inputs/data/qsiprep/qsiprep/sub-20966/ses-1/dwi/sub-20966_ses-1_space-ACPC_desc-preproc_dwi.nii.gz	0.0	3.064115380842122e-05	0.0001035906527638	2.2069360966270324e-05	3.064115380842122e-05	2.2069360966270324e-05	0.0001035906527638	3.456377212113954e-05	3.456377212113954e-05	sub-20966	ses-1				space-ACPC			DSIStudio	autotrackgqi
Association_FrontalAslantTractR	txz	DSIStudio	/scratch/executivefunction/SLURM_8364170_114/job-8364170-114-sub-20966-ses-1/ds/inputs/data/qsiprep/qsiprep/sub-20966/ses-1/dwi/sub-20966_ses-1_space-ACPC_desc-preproc_dwi.nii.gz	0.0	8.018045492333232e-06	0.0001645354058501	4.4639393763645785e-06	8.018045492333232e-06	4.4639393763645785e-06	0.0001645354058501	7.830696357115706e-05	7.830696357115706e-05	sub-20966	ses-1				space-ACPC			DSIStudio	autotrackgqi
Association_FrontalAslantTractR	tyy	DSIStudio	/scratch/executivefunction/SLURM_8364170_114/job-8364170-114-sub-20966-ses-1/ds/inputs/data/qsiprep/qsiprep/sub-20966/ses-1/dwi/sub-20966_ses-1_space-ACPC_desc-preproc_dwi.nii.gz	0.0	0.0007825268999303	0.0002928290229317	0.0007343650504481	0.0007825268999303	0.0007343650504481	0.0002928290229317	0.0006803594850495	0.0006803594850495	sub-20966	ses-1				space-ACPC			DSIStudio	autotrackgqi
Association_FrontalAslantTractR	tyz	DSIStudio	/scratch/executivefunction/SLURM_8364170_114/job-8364170-114-sub-20966-ses-1/ds/inputs/data/qsiprep/qsiprep/sub-20966/ses-1/dwi/sub-20966_ses-1_space-ACPC_desc-preproc_dwi.nii.gz	0.0	-7.032007931661111e-06	0.000130564123751	-4.313336376071675e-06	-7.032007931661111e-06	-4.313336376071675e-06	0.000130564123751	-2.386078644640733e-05	-2.386078644640733e-05	sub-20966	ses-1				space-ACPC			DSIStudio	autotrackgqi
Association_FrontalAslantTractR	tzz	DSIStudio	/scratch/executivefunction/SLURM_8364170_114/job-8364170-114-sub-20966-ses-1/ds/inputs/data/qsiprep/qsiprep/sub-20966/ses-1/dwi/sub-20966_ses-1_space-ACPC_desc-preproc_dwi.nii.gz	0.0	0.0008947462748289	0.0002826052965306	0.0008738584874663	0.0008947462748289	0.0008738584874663	0.0002826052965306	0.0008440232110221	0.0008440232110221	sub-20966	ses-1				space-ACPC			DSIStudio	autotrackgqi
Association_ExtremeCapsuleR	ad	DSIStudio	/scratch/executivefunction/SLURM_8364170_114/job-8364170-114-sub-20966-ses-1/ds/inputs/data/qsiprep/qsiprep/sub-20966/ses-1/dwi/sub-20966_ses-1_space-ACPC_desc-preproc_dwi.nii.gz	0.0	1.1616960243587604	0.2676840944220255	1.1144996881484983	1.1616960243587604	1.1144996881484983	0.2676840944220255	1.1814952330402952	1.1814952330402952	sub-20966	ses-1				space-ACPC			DSIStudio	autotrackgqi
Association_ExtremeCapsuleR	dti_fa	DSIStudio	/scratch/executivefunction/SLURM_8364170_114/job-8364170-114-sub-20966-ses-1/ds/inputs/data/qsiprep/qsiprep/sub-20966/ses-1/dwi/sub-20966_ses-1_space-ACPC_desc-preproc_dwi.nii.gz	0.0	0.3736848767381585	0.1851628765719006	0.3681652843952179	0.3736848767381585	0.3681652843952179	0.1851628765719006	0.437221324767	0.437221324767	sub-20966	ses-1				space-ACPC			DSIStudio	autotrackgqi
Association_ExtremeCapsuleR	gfa	DSIStudio	/scratch/executivefunction/SLURM_8364170_114/job-8364170-114-sub-20966-ses-1/ds/inputs/data/qsiprep/qsiprep/sub-20966/ses-1/dwi/sub-20966_ses-1_space-ACPC_desc-preproc_dwi.nii.gz	0.0	0.0819980205138611	0.0389478659742917	0.0792413726449012	0.0819980205138611	0.0792413726449012	0.0389478659742917	0.0954924832256401	0.0954924832256401	sub-20966	ses-1				space-ACPC			DSIStudio	autotrackgqi
Association_ExtremeCapsuleR	ha	DSIStudio	/scratch/executivefunction/SLURM_8364170_114/job-8364170-114-sub-20966-ses-1/ds/inputs/data/qsiprep/qsiprep/sub-20966/ses-1/dwi/sub-20966_ses-1_space-ACPC_desc-preproc_dwi.nii.gz	0.0	-20.59166924827135	46.04351086931346	-37.60923385620117	-20.59166924827135	-37.60923385620117	46.04351086931346	-36.74102995220633	-36.74102995220633	sub-20966	ses-1				space-ACPC			DSIStudio	autotrackgqi
Association_ExtremeCapsuleR	iso	DSIStudio	/scratch/executivefunction/SLURM_8364170_114/job-8364170-114-sub-20966-ses-1/ds/inputs/data/qsiprep/qsiprep/sub-20966/ses-1/dwi/sub-20966_ses-1_space-ACPC_desc-preproc_dwi.nii.gz	0.0	0.5166066964401119	0.0698887110607942	0.5119255781173706	0.5166066964401119	0.5119255781173706	0.0698887110607942	0.513033045901951	0.513033045901951	sub-20966	ses-1				space-ACPC			DSIStudio	autotrackgqi
Association_ExtremeCapsuleR	md	DSIStudio	/scratch/executivefunction/SLURM_8364170_114/job-8364170-114-sub-20966-ses-1/ds/inputs/data/qsiprep/qsiprep/sub-20966/ses-1/dwi/sub-20966_ses-1_space-ACPC_desc-preproc_dwi.nii.gz	0.0	0.8217648430895393	0.2278003264291841	0.7662479877471924	0.8217648430895393	0.7662479877471924	0.2278003264291841	0.7803340822270302	0.7803340822270302	sub-20966	ses-1				space-ACPC			DSIStudio	autotrackgqi
Association_ExtremeCapsuleR	qa	DSIStudio	/scratch/executivefunction/SLURM_8364170_114/job-8364170-114-sub-20966-ses-1/ds/inputs/data/qsiprep/qsiprep/sub-20966/ses-1/dwi/sub-20966_ses-1_space-ACPC_desc-preproc_dwi.nii.gz	0.0	0.1919683638144827	0.0947757067640219	0.1846135705709457	0.1919683638144827	0.1846135705709457	0.0947757067640219	0.2270035803440028	0.2270035803440028	sub-20966	ses-1				space-ACPC			DSIStudio	autotrackgqi
Association_ExtremeCapsuleR	rd1	DSIStudio	/scratch/executivefunction/SLURM_8364170_114/job-8364170-114-sub-20966-ses-1/ds/inputs/data/qsiprep/qsiprep/sub-20966/ses-1/dwi/sub-20966_ses-1_space-ACPC_desc-preproc_dwi.nii.gz	0.0	0.7542294233712185	0.2612525005848053	0.7149988412857056	0.7542294233712185	0.7149988412857056	0.2612525005848053	0.6883253446514621	0.6883253446514621	sub-20966	ses-1				space-ACPC			DSIStudio	autotrackgqi
Association_ExtremeCapsuleR	rd2	DSIStudio	/scratch/executivefunction/SLURM_8364170_114/job-8364170-114-sub-20966-ses-1/ds/inputs/data/qsiprep/qsiprep/sub-20966/ses-1/dwi/sub-20966_ses-1_space-ACPC_desc-preproc_dwi.nii.gz	0.0	0.5493690869543689	0.2780788245712319	0.4956477880477905	0.5493690869543689	0.4956477880477905	0.2780788245712319	0.4711816726391403	0.4711816726391403	sub-20966	ses-1				space-ACPC			DSIStudio	autotrackgqi
Association_ExtremeCapsuleR	rd	DSIStudio	/scratch/executivefunction/SLURM_8364170_114/job-8364170-114-sub-20966-ses-1/ds/inputs/data/qsiprep/qsiprep/sub-20966/ses-1/dwi/sub-20966_ses-1_space-ACPC_desc-preproc_dwi.nii.gz	0.0	0.6517992545868925	0.2636392164654388	0.6062979698181152	0.6517992545868925	0.6062979698181152	0.2636392164654388	0.5797535102412493	0.5797535102412493	sub-20966	ses-1				space-ACPC			DSIStudio	autotrackgqi
Association_ExtremeCapsuleR	txx	DSIStudio	/scratch/executivefunction/SLURM_8364170_114/job-8364170-114-sub-20966-ses-1/ds/inputs/data/qsiprep/qsiprep/sub-20966/ses-1/dwi/sub-20966_ses-1_space-ACPC_desc-preproc_dwi.nii.gz	0.0	0.0007143069828148	0.000293288506503	0.0006664313259534	0.0007143069828148	0.0006664313259534	0.000293288506503	0.0006283989007221	0.0006283989007221	sub-20966	ses-1				space-ACPC			DSIStudio	autotrackgqi
Association_ExtremeCapsuleR	txy	DSIStudio	/scratch/executivefunction/SLURM_8364170_114/job-8364170-114-sub-20966-ses-1/ds/inputs/data/qsiprep/qsiprep/sub-20966/ses-1/dwi/sub-20966_ses-1_space-ACPC_desc-preproc_dwi.nii.gz	0.0	2.3056867215844116e-05	0.0001087418878743	1.965482624655124e-05	2.3056867215844116e-05	1.965482624655124e-05	0.0001087418878743	2.9030267702476863e-05	2.9030267702476863e-05	sub-20966	ses-1				space-ACPC			DSIStudio	autotrackgqi
Association_ExtremeCapsuleR	txz	DSIStudio	/scratch/executivefunction/SLURM_8364170_114/job-8364170-114-sub-20966-ses-1/ds/inputs/data/qsiprep/qsiprep/sub-20966/ses-1/dwi/sub-20966_ses-1_space-ACPC_desc-preproc_dwi.nii.gz	0.0	-2.141462988715463e-06	0.0001225014294761	-3.304912183921261e-07	-2.141462988715463e-06	-3.304912183921261e-07	0.0001225014294761	1.3713917091048136e-05	1.3713917091048136e-05	sub-20966	ses-1				space-ACPC			DSIStudio	autotrackgqi
Association_ExtremeCapsuleR	tyy	DSIStudio	/scratch/executivefunction/SLURM_8364170_114/job-8364170-114-sub-20966-ses-1/ds/inputs/data/qsiprep/qsiprep/sub-20966/ses-1/dwi/sub-20966_ses-1_space-ACPC_desc-preproc_dwi.nii.gz	0.0	0.0008086448687026	0.0002903095804994	0.0007618731469847	0.0008086448687026	0.0007618731469847	0.0002903095804994	0.0007752531727212	0.0007752531727212	sub-20966	ses-1				space-ACPC			DSIStudio	autotrackgqi
Association_ExtremeCapsuleR	tyz	DSIStudio	/scratch/executivefunction/SLURM_8364170_114/job-8364170-114-sub-20966-ses-1/ds/inputs/data/qsiprep/qsiprep/sub-20966/ses-1/dwi/sub-20966_ses-1_space-ACPC_desc-preproc_dwi.nii.gz	0.0	0.0001343034454902	0.0001771735938289	0.000109656873974	0.0001343034454902	0.000109656873974	0.0001771735938289	0.0002195533061689	0.0002195533061689	sub-20966	ses-1				space-ACPC			DSIStudio	autotrackgqi
Association_ExtremeCapsuleR	tzz	DSIStudio	/scratch/executivefunction/SLURM_8364170_114/job-8364170-114-sub-20966-ses-1/ds/inputs/data/qsiprep/qsiprep/sub-20966/ses-1/dwi/sub-20966_ses-1_space-ACPC_desc-preproc_dwi.nii.gz	0.0	0.0009423426822778	0.0002477943106121	0.0009050878579728	0.0009423426822778	0.0009050878579728	0.0002477943106121	0.0009373501802134	0.0009373501802134	sub-20966	ses-1				space-ACPC			DSIStudio	autotrackgqi
Association_ExtremeCapsuleL	ad	DSIStudio	/scratch/executivefunction/SLURM_8364170_114/job-8364170-114-sub-20966-ses-1/ds/inputs/data/qsiprep/qsiprep/sub-20966/ses-1/dwi/sub-20966_ses-1_space-ACPC_desc-preproc_dwi.nii.gz	0.0	1.187508769383388	0.3206687356804805	1.120106816291809	1.187508769383388	1.120106816291809	0.3206687356804805	1.1557413810433417	1.1557413810433417	sub-20966	ses-1				space-ACPC			DSIStudio	autotrackgqi
Association_ExtremeCapsuleL	dti_fa	DSIStudio	/scratch/executivefunction/SLURM_8364170_114/job-8364170-114-sub-20966-ses-1/ds/inputs/data/qsiprep/qsiprep/sub-20966/ses-1/dwi/sub-20966_ses-1_space-ACPC_desc-preproc_dwi.nii.gz	0.0	0.3428666025855233	0.1858793469628663	0.3300849795341491	0.3428666025855233	0.3300849795341491	0.1858793469628663	0.3902866514250344	0.3902866514250344	sub-20966	ses-1				space-ACPC			DSIStudio	autotrackgqi
Association_ExtremeCapsuleL	gfa	DSIStudio	/scratch/executivefunction/SLURM_8364170_114/job-8364170-114-sub-20966-ses-1/ds/inputs/data/qsiprep/qsiprep/sub-20966/ses-1/dwi/sub-20966_ses-1_space-ACPC_desc-preproc_dwi.nii.gz	0.0	0.0759796005251515	0.0392546431984075	0.0716240927577018	0.0759796005251515	0.0716240927577018	0.0392546431984075	0.0848693210614159	0.0848693210614159	sub-20966	ses-1				space-ACPC			DSIStudio	autotrackgqi
Association_ExtremeCapsuleL	ha	DSIStudio	/scratch/executivefunction/SLURM_8364170_114/job-8364170-114-sub-20966-ses-1/ds/inputs/data/qsiprep/qsiprep/sub-20966/ses-1/dwi/sub-20966_ses-1_space-ACPC_desc-preproc_dwi.nii.gz	0.0	8.64668540964365	44.05305618265843	17.965848922729492	8.64668540964365	17.965848922729492	44.05305618265843	13.886757234321228	13.886757234321228	sub-20966	ses-1				space-ACPC			DSIStudio	autotrackgqi
Association_ExtremeCapsuleL	iso	DSIStudio	/scratch/executivefunction/SLURM_8364170_114/job-8364170-114-sub-20966-ses-1/ds/inputs/data/qsiprep/qsiprep/sub-20966/ses-1/dwi/sub-20966_ses-1_space-ACPC_desc-preproc_dwi.nii.gz	0.0	0.5416025091571831	0.0985387685286036	0.5274261236190796	0.5416025091571831	0.5274261236190796	0.0985387685286036	0.532440991591351	0.532440991591351	sub-20966	ses-1				space-ACPC			DSIStudio	autotrackgqi
Association_ExtremeCapsuleL	md	DSIStudio	/scratch/executivefunction/SLURM_8364170_114/job-8364170-114-sub-20966-ses-1/ds/inputs/data/qsiprep/qsiprep/sub-20966/ses-1/dwi/sub-20966_ses-1_space-ACPC_desc-preproc_dwi.nii.gz	0.0	0.8705769622380118	0.3047353431992378	0.7887129783630371	0.8705769622380118	0.7887129783630371	0.3047353431992378	0.8026325112443182	0.8026325112443182	sub-20966	ses-1				space-ACPC			DSIStudio	autotrackgqi
Association_ExtremeCapsuleL	qa	DSIStudio	/scratch/executivefunction/SLURM_8364170_114/job-8364170-114-sub-20966-ses-1/ds/inputs/data/qsiprep/qsiprep/sub-20966/ses-1/dwi/sub-20966_ses-1_space-ACPC_desc-preproc_dwi.nii.gz	0.0	0.1805815635120324	0.091982076802277	0.1710872650146484	0.1805815635120324	0.1710872650146484	0.091982076802277	0.1996642425574797	0.1996642425574797	sub-20966	ses-1				space-ACPC			DSIStudio	autotrackgqi
Association_ExtremeCapsuleL	rd1	DSIStudio	/scratch/executivefunction/SLURM_8364170_114/job-8364170-114-sub-20966-ses-1/ds/inputs/data/qsiprep/qsiprep/sub-20966/ses-1/dwi/sub-20966_ses-1_space-ACPC_desc-preproc_dwi.nii.gz	0.0	0.8085119638165174	0.3369226650136487	0.744598388671875	0.8085119638165174	0.744598388671875	0.3369226650136487	0.7323344497831036	0.7323344497831036	sub-20966	ses-1				space-ACPC			DSIStudio	autotrackgqi
Association_ExtremeCapsuleL	rd2	DSIStudio	/scratch/executivefunction/SLURM_8364170_114/job-8364170-114-sub-20966-ses-1/ds/inputs/data/qsiprep/qsiprep/sub-20966/ses-1/dwi/sub-20966_ses-1_space-ACPC_desc-preproc_dwi.nii.gz	0.0	0.615710153294663	0.3512919800497252	0.538715124130249	0.615710153294663	0.538715124130249	0.3512919800497252	0.5198217059599217	0.5198217059599217	sub-20966	ses-1				space-ACPC			DSIStudio	autotrackgqi
Association_ExtremeCapsuleL	rd	DSIStudio	/scratch/executivefunction/SLURM_8364170_114/job-8364170-114-sub-20966-ses-1/ds/inputs/data/qsiprep/qsiprep/sub-20966/ses-1/dwi/sub-20966_ses-1_space-ACPC_desc-preproc_dwi.nii.gz	0.0	0.7121110591042576	0.3393047845608751	0.6359676718711853	0.7121110591042576	0.6359676718711853	0.3393047845608751	0.6260780779147315	0.6260780779147315	sub-20966	ses-1				space-ACPC			DSIStudio	autotrackgqi
Association_ExtremeCapsuleL	txx	DSIStudio	/scratch/executivefunction/SLURM_8364170_114/job-8364170-114-sub-20966-ses-1/ds/inputs/data/qsiprep/qsiprep/sub-20966/ses-1/dwi/sub-20966_ses-1_space-ACPC_desc-preproc_dwi.nii.gz	0.0	0.0007847298298203	0.0003760718817728	0.0007184775895439	0.0007847298298203	0.0007184775895439	0.0003760718817728	0.0006770141094946	0.0006770141094946	sub-20966	ses-1				space-ACPC			DSIStudio	autotrackgqi
Association_ExtremeCapsuleL	txy	DSIStudio	/scratch/executivefunction/SLURM_8364170_114/job-8364170-114-sub-20966-ses-1/ds/inputs/data/qsiprep/qsiprep/sub-20966/ses-1/dwi/sub-20966_ses-1_space-ACPC_desc-preproc_dwi.nii.gz	0.0	6.048819766295092e-06	0.0001110792865581	2.0371999198687263e-06	6.048819766295092e-06	2.0371999198687263e-06	0.0001110792865581	-1.883509356497605e-05	-1.883509356497605e-05	sub-20966	ses-1				space-ACPC			DSIStudio	autotrackgqi
Association_ExtremeCapsuleL	txz	DSIStudio	/scratch/executivefunction/SLURM_8364170_114/job-8364170-114-sub-20966-ses-1/ds/inputs/data/qsiprep/qsiprep/sub-20966/ses-1/dwi/sub-20966_ses-1_space-ACPC_desc-preproc_dwi.nii.gz	0.0	1.4814436298206488e-06	0.0001331456402031	-9.273021817080008e-08	1.4814436298206488e-06	-9.273021817080008e-08	0.0001331456402031	-1.7057823785718746e-07	-1.7057823785718746e-07	sub-20966	ses-1				space-ACPC			DSIStudio	autotrackgqi
Association_ExtremeCapsuleL	tyy	DSIStudio	/scratch/executivefunction/SLURM_8364170_114/job-8364170-114-sub-20966-ses-1/ds/inputs/data/qsiprep/qsiprep/sub-20966/ses-1/dwi/sub-20966_ses-1_space-ACPC_desc-preproc_dwi.nii.gz	0.0	0.0008981802112367	0.0003360766600669	0.0008351688156835	0.0008981802112367	0.0008351688156835	0.0003360766600669	0.0008620222553588	0.0008620222553588	sub-20966	ses-1				space-ACPC			DSIStudio	autotrackgqi
Association_ExtremeCapsuleL	tyz	DSIStudio	/scratch/executivefunction/SLURM_8364170_114/job-8364170-114-sub-20966-ses-1/ds/inputs/data/qsiprep/qsiprep/sub-20966/ses-1/dwi/sub-20966_ses-1_space-ACPC_desc-preproc_dwi.nii.gz	0.0	0.0001042502053642	0.0001678390501162	7.558614743174985e-05	0.0001042502053642	7.558614743174985e-05	0.0001678390501162	0.0001424109555225	0.0001424109555225	sub-20966	ses-1				space-ACPC			DSIStudio	autotrackgqi
Association_ExtremeCapsuleL	tzz	DSIStudio	/scratch/executivefunction/SLURM_8364170_114/job-8364170-114-sub-20966-ses-1/ds/inputs/data/qsiprep/qsiprep/sub-20966/ses-1/dwi/sub-20966_ses-1_space-ACPC_desc-preproc_dwi.nii.gz	0.0	0.0009288208458789	0.0003237565286647	0.0008749057305976	0.0009288208458789	0.0008749057305976	0.0003237565286647	0.0008688611731234	0.0008688611731234	sub-20966	ses-1				space-ACPC			DSIStudio	autotrackgqi
Association_HippocampusAlveusL	ad	DSIStudio	/scratch/executivefunction/SLURM_8364170_114/job-8364170-114-sub-20966-ses-1/ds/inputs/data/qsiprep/qsiprep/sub-20966/ses-1/dwi/sub-20966_ses-1_space-ACPC_desc-preproc_dwi.nii.gz	0.0	1.3657182417116958	0.5012037796229294	1.2067630290985107	1.3657182417116958	1.2067630290985107	0.5012037796229294	1.4433637630143603	1.4433637630143603	sub-20966	ses-1				space-ACPC			DSIStudio	autotrackgqi
Association_HippocampusAlveusL	dti_fa	DSIStudio	/scratch/executivefunction/SLURM_8364170_114/job-8364170-114-sub-20966-ses-1/ds/inputs/data/qsiprep/qsiprep/sub-20966/ses-1/dwi/sub-20966_ses-1_space-ACPC_desc-preproc_dwi.nii.gz	0.0	0.2724917593268495	0.1658321515821194	0.2209693640470504	0.2724917593268495	0.2209693640470504	0.1658321515821194	0.3586812005332707	0.3586812005332707	sub-20966	ses-1				space-ACPC			DSIStudio	autotrackgqi
Association_HippocampusAlveusL	gfa	DSIStudio	/scratch/executivefunction/SLURM_8364170_114/job-8364170-114-sub-20966-ses-1/ds/inputs/data/qsiprep/qsiprep/sub-20966/ses-1/dwi/sub-20966_ses-1_space-ACPC_desc-preproc_dwi.nii.gz	0.0	0.0660988563828019	0.037838355627979	0.0535767562687397	0.0660988563828019	0.0535767562687397	0.037838355627979	0.0881022455310468	0.0881022455310468	sub-20966	ses-1				space-ACPC			DSIStudio	autotrackgqi
Association_HippocampusAlveusL	ha	DSIStudio	/scratch/executivefunction/SLURM_8364170_114/job-8364170-114-sub-20966-ses-1/ds/inputs/data/qsiprep/qsiprep/sub-20966/ses-1/dwi/sub-20966_ses-1_space-ACPC_desc-preproc_dwi.nii.gz	0.0	18.539777037013454	34.96998200487541	25.85544776916504	18.539777037013454	25.85544776916504	34.96998200487541	29.42789772280109	29.42789772280109	sub-20966	ses-1				space-ACPC			DSIStudio	autotrackgqi
Association_HippocampusAlveusL	iso	DSIStudio	/scratch/executivefunction/SLURM_8364170_114/job-8364170-114-sub-20966-ses-1/ds/inputs/data/qsiprep/qsiprep/sub-20966/ses-1/dwi/sub-20966_ses-1_space-ACPC_desc-preproc_dwi.nii.gz	0.0	0.584564264437146	0.2207087607566673	0.549164354801178	0.584564264437146	0.549164354801178	0.2207087607566673	0.5385317694091206	0.5385317694091206	sub-20966	ses-1				space-ACPC			DSIStudio	autotrackgqi
Association_HippocampusAlveusL	md	DSIStudio	/scratch/executivefunction/SLURM_8364170_114/job-8364170-114-sub-20966-ses-1/ds/inputs/data/qsiprep/qsiprep/sub-20966/ses-1/dwi/sub-20966_ses-1_space-ACPC_desc-preproc_dwi.nii.gz	0.0	1.058601738747214	0.4190306249661026	0.8925057053565979	1.058601738747214	0.8925057053565979	0.4190306249661026	1.0305338826602912	1.0305338826602912	sub-20966	ses-1				space-ACPC			DSIStudio	autotrackgqi
Association_HippocampusAlveusL	qa	DSIStudio	/scratch/executivefunction/SLURM_8364170_114/job-8364170-114-sub-20966-ses-1/ds/inputs/data/qsiprep/qsiprep/sub-20966/ses-1/dwi/sub-20966_ses-1_space-ACPC_desc-preproc_dwi.nii.gz	0.0	0.159229211539258	0.0866073425853847	0.1354080736637115	0.159229211539258	0.1354080736637115	0.0866073425853847	0.2096538694104979	0.2096538694104979	sub-20966	ses-1				space-ACPC			DSIStudio	autotrackgqi
Association_HippocampusAlveusL	rd1	DSIStudio	/scratch/executivefunction/SLURM_8364170_114/job-8364170-114-sub-20966-ses-1/ds/inputs/data/qsiprep/qsiprep/sub-20966/ses-1/dwi/sub-20966_ses-1_space-ACPC_desc-preproc_dwi.nii.gz	0.0	0.9914945563768838	0.420303901206457	0.859767496585846	0.9914945563768838	0.859767496585846	0.420303901206457	0.9158653860948672	0.9158653860948672	sub-20966	ses-1				space-ACPC			DSIStudio	autotrackgqi
Association_HippocampusAlveusL	rd2	DSIStudio	/scratch/executivefunction/SLURM_8364170_114/job-8364170-114-sub-20966-ses-1/ds/inputs/data/qsiprep/qsiprep/sub-20966/ses-1/dwi/sub-20966_ses-1_space-ACPC_desc-preproc_dwi.nii.gz	0.0	0.8185924182621144	0.4112628040172179	0.7115135192871094	0.8185924182621144	0.7115135192871094	0.4112628040172179	0.7323725005629547	0.7323725005629547	sub-20966	ses-1				space-ACPC			DSIStudio	autotrackgqi
Association_HippocampusAlveusL	rd	DSIStudio	/scratch/executivefunction/SLURM_8364170_114/job-8364170-114-sub-20966-ses-1/ds/inputs/data/qsiprep/qsiprep/sub-20966/ses-1/dwi/sub-20966_ses-1_space-ACPC_desc-preproc_dwi.nii.gz	0.0	0.9050434869508104	0.4124969324543751	0.7788891792297363	0.9050434869508104	0.7788891792297363	0.4124969324543751	0.8241189412461092	0.8241189412461092	sub-20966	ses-1				space-ACPC			DSIStudio	autotrackgqi
Association_HippocampusAlveusL	txx	DSIStudio	/scratch/executivefunction/SLURM_8364170_114/job-8364170-114-sub-20966-ses-1/ds/inputs/data/qsiprep/qsiprep/sub-20966/ses-1/dwi/sub-20966_ses-1_space-ACPC_desc-preproc_dwi.nii.gz	0.0	0.0010176672979774	0.000437670132011	0.0008925867150537	0.0010176672979774	0.0008925867150537	0.000437670132011	0.0009119037088052	0.0009119037088052	sub-20966	ses-1				space-ACPC			DSIStudio	autotrackgqi
Association_HippocampusAlveusL	txy	DSIStudio	/scratch/executivefunction/SLURM_8364170_114/job-8364170-114-sub-20966-ses-1/ds/inputs/data/qsiprep/qsiprep/sub-20966/ses-1/dwi/sub-20966_ses-1_space-ACPC_desc-preproc_dwi.nii.gz	0.0	1.4957113988652951e-05	0.000131939429367	1.4739435755473096e-05	1.4957113988652951e-05	1.4739435755473096e-05	0.000131939429367	-1.1272922335022647e-05	-1.1272922335022647e-05	sub-20966	ses-1				space-ACPC			DSIStudio	autotrackgqi
Association_HippocampusAlveusL	txz	DSIStudio	/scratch/executivefunction/SLURM_8364170_114/job-8364170-114-sub-20966-ses-1/ds/inputs/data/qsiprep/qsiprep/sub-20966/ses-1/dwi/sub-20966_ses-1_space-ACPC_desc-preproc_dwi.nii.gz	0.0	-3.140861649314557e-05	0.0001399424189319	-1.6566866179346107e-05	-3.140861649314557e-05	-1.6566866179346107e-05	0.0001399424189319	-3.9488397021596885e-05	-3.9488397021596885e-05	sub-20966	ses-1				space-ACPC			DSIStudio	autotrackgqi
Association_HippocampusAlveusL	tyy	DSIStudio	/scratch/executivefunction/SLURM_8364170_114/job-8364170-114-sub-20966-ses-1/ds/inputs/data/qsiprep/qsiprep/sub-20966/ses-1/dwi/sub-20966_ses-1_space-ACPC_desc-preproc_dwi.nii.gz	0.0	0.0010969055768983	0.0004701306964679	0.0009459523134864	0.0010969055768983	0.0009459523134864	0.0004701306964679	0.0011313904358271	0.0011313904358271	sub-20966	ses-1				space-ACPC			DSIStudio	autotrackgqi
Association_HippocampusAlveusL	tyz	DSIStudio	/scratch/executivefunction/SLURM_8364170_114/job-8364170-114-sub-20966-ses-1/ds/inputs/data/qsiprep/qsiprep/sub-20966/ses-1/dwi/sub-20966_ses-1_space-ACPC_desc-preproc_dwi.nii.gz	0.0	7.465616757725586e-05	0.0001779667543737	5.07812001160346e-05	7.465616757725586e-05	5.07812001160346e-05	0.0001779667543737	0.0001889275827855	0.0001889275827855	sub-20966	ses-1				space-ACPC			DSIStudio	autotrackgqi
Association_HippocampusAlveusL	tzz	DSIStudio	/scratch/executivefunction/SLURM_8364170_114/job-8364170-114-sub-20966-ses-1/ds/inputs/data/qsiprep/qsiprep/sub-20966/ses-1/dwi/sub-20966_ses-1_space-ACPC_desc-preproc_dwi.nii.gz	0.0	0.0010612323408741	0.0004322067748617	0.000923098064959	0.0010612323408741	0.000923098064959	0.0004322067748617	0.0010483075020424	0.0010483075020424	sub-20966	ses-1				space-ACPC			DSIStudio	autotrackgqi
Association_SuperiorLongitudinalFasciculusL	ad	DSIStudio	/scratch/executivefunction/SLURM_8364170_114/job-8364170-114-sub-20966-ses-1/ds/inputs/data/qsiprep/qsiprep/sub-20966/ses-1/dwi/sub-20966_ses-1_space-ACPC_desc-preproc_dwi.nii.gz	0.0072179830892967	1.1329066430779924	0.3413404119420021	1.0615826845169067	1.1411433968186924	1.0630205869674685	0.3285742913490131	1.125573921668787	1.126446290124697	sub-20966	ses-1				space-ACPC			DSIStudio	autotrackgqi
Association_SuperiorLongitudinalFasciculusL	dti_fa	DSIStudio	/scratch/executivefunction/SLURM_8364170_114/job-8364170-114-sub-20966-ses-1/ds/inputs/data/qsiprep/qsiprep/sub-20966/ses-1/dwi/sub-20966_ses-1_space-ACPC_desc-preproc_dwi.nii.gz	0.0072179830892967	0.2903693133531452	0.176387126245219	0.2535100430250168	0.292480432166473	0.2558030784130096	0.1752745246488885	0.4054146828508807	0.4057288967163355	sub-20966	ses-1				space-ACPC			DSIStudio	autotrackgqi
Association_SuperiorLongitudinalFasciculusL	gfa	DSIStudio	/scratch/executivefunction/SLURM_8364170_114/job-8364170-114-sub-20966-ses-1/ds/inputs/data/qsiprep/qsiprep/sub-20966/ses-1/dwi/sub-20966_ses-1_space-ACPC_desc-preproc_dwi.nii.gz	0.0072179830892967	0.0642674687293727	0.0369003798699563	0.0562036391347646	0.0647347228642975	0.0567456036806106	0.0366236290399083	0.0870686683686082	0.0871361503511508	sub-20966	ses-1				space-ACPC			DSIStudio	autotrackgqi
Association_SuperiorLongitudinalFasciculusL	ha	DSIStudio	/scratch/executivefunction/SLURM_8364170_114/job-8364170-114-sub-20966-ses-1/ds/inputs/data/qsiprep/qsiprep/sub-20966/ses-1/dwi/sub-20966_ses-1_space-ACPC_desc-preproc_dwi.nii.gz	0.0072179830892967	1.6612347645927463	40.826274560933776	4.292989015579224	1.6733127074179948	4.753835201263428	40.974172081016725	5.1691231304192975	5.1731294336012885	sub-20966	ses-1				space-ACPC			DSIStudio	autotrackgqi
Association_SuperiorLongitudinalFasciculusL	iso	DSIStudio	/scratch/executivefunction/SLURM_8364170_114/job-8364170-114-sub-20966-ses-1/ds/inputs/data/qsiprep/qsiprep/sub-20966/ses-1/dwi/sub-20966_ses-1_space-ACPC_desc-preproc_dwi.nii.gz	0.0072179830892967	0.5448511286764863	0.1106834479295728	0.5475820899009705	0.5488124476427675	0.5481514036655426	0.1008259571726074	0.5264475801697616	0.5268555996774664	sub-20966	ses-1				space-ACPC			DSIStudio	autotrackgqi
Association_SuperiorLongitudinalFasciculusL	md	DSIStudio	/scratch/executivefunction/SLURM_8364170_114/job-8364170-114-sub-20966-ses-1/ds/inputs/data/qsiprep/qsiprep/sub-20966/ses-1/dwi/sub-20966_ses-1_space-ACPC_desc-preproc_dwi.nii.gz	0.0072179830892967	0.8740395563094733	0.3175967298892817	0.7898122370243073	0.8803942269515238	0.7910065650939941	0.3098490310760691	0.7740343648522645	0.7746342749252987	sub-20966	ses-1				space-ACPC			DSIStudio	autotrackgqi
Association_SuperiorLongitudinalFasciculusL	qa	DSIStudio	/scratch/executivefunction/SLURM_8364170_114/job-8364170-114-sub-20966-ses-1/ds/inputs/data/qsiprep/qsiprep/sub-20966/ses-1/dwi/sub-20966_ses-1_space-ACPC_desc-preproc_dwi.nii.gz	0.0072179830892967	0.1522659283615556	0.0861148003750567	0.1371281743049621	0.1533729718789329	0.1381048038601875	0.0854393602269097	0.2027820363732375	0.2029392011992751	sub-20966	ses-1				space-ACPC			DSIStudio	autotrackgqi
Association_SuperiorLongitudinalFasciculusL	rd1	DSIStudio	/scratch/executivefunction/SLURM_8364170_114/job-8364170-114-sub-20966-ses-1/ds/inputs/data/qsiprep/qsiprep/sub-20966/ses-1/dwi/sub-20966_ses-1_space-ACPC_desc-preproc_dwi.nii.gz	0.0072179830892967	0.8379361739593035	0.3364781104296024	0.7709620594978333	0.8440283563624144	0.7721069753170013	0.3299980116158313	0.7149762489095222	0.715530386364282	sub-20966	ses-1				space-ACPC			DSIStudio	autotrackgqi
Association_SuperiorLongitudinalFasciculusL	rd2	DSIStudio	/scratch/executivefunction/SLURM_8364170_114/job-8364170-114-sub-20966-ses-1/ds/inputs/data/qsiprep/qsiprep/sub-20966/ses-1/dwi/sub-20966_ses-1_space-ACPC_desc-preproc_dwi.nii.gz	0.0072179830892967	0.6512758496785366	0.3515924596056178	0.5885580778121948	0.656010925444791	0.5908917486667633	0.3484390200392243	0.481552922963672	0.4819261472713182	sub-20966	ses-1				space-ACPC			DSIStudio	autotrackgqi
Association_SuperiorLongitudinalFasciculusL	rd	DSIStudio	/scratch/executivefunction/SLURM_8364170_114/job-8364170-114-sub-20966-ses-1/ds/inputs/data/qsiprep/qsiprep/sub-20966/ses-1/dwi/sub-20966_ses-1_space-ACPC_desc-preproc_dwi.nii.gz	0.0072179830892967	0.7446060115484927	0.3381019388803212	0.6735176742076874	0.7500196406312092	0.6751695871353149	0.3332922150121218	0.5982645856889668	0.5987282665699778	sub-20966	ses-1				space-ACPC			DSIStudio	autotrackgqi
Association_SuperiorLongitudinalFasciculusL	txx	DSIStudio	/scratch/executivefunction/SLURM_8364170_114/job-8364170-114-sub-20966-ses-1/ds/inputs/data/qsiprep/qsiprep/sub-20966/ses-1/dwi/sub-20966_ses-1_space-ACPC_desc-preproc_dwi.nii.gz	0.0072179830892967	0.0008977789940638	0.0003333649409901	0.0008523067226633	0.0009043062613659	0.0008540118287783	0.0003256340237389	0.0007906026626176	0.0007912154138485	sub-20966	ses-1				space-ACPC			DSIStudio	autotrackgqi
Association_SuperiorLongitudinalFasciculusL	txy	DSIStudio	/scratch/executivefunction/SLURM_8364170_114/job-8364170-114-sub-20966-ses-1/ds/inputs/data/qsiprep/qsiprep/sub-20966/ses-1/dwi/sub-20966_ses-1_space-ACPC_desc-preproc_dwi.nii.gz	0.0072179830892967	-9.777146530116028e-06	0.0001150429721987	-4.095809799764538e-06	-9.848230894169632e-06	-4.871776582149323e-06	0.0001154573909182	-1.7725248989908766e-05	-1.773898679341083e-05	sub-20966	ses-1				space-ACPC			DSIStudio	autotrackgqi
Association_SuperiorLongitudinalFasciculusL	txz	DSIStudio	/scratch/executivefunction/SLURM_8364170_114/job-8364170-114-sub-20966-ses-1/ds/inputs/data/qsiprep/qsiprep/sub-20966/ses-1/dwi/sub-20966_ses-1_space-ACPC_desc-preproc_dwi.nii.gz	0.0072179830892967	4.661997019744829e-05	0.0001400973821856	3.267166357545648e-05	4.695891887981444e-05	3.398573971935548e-05	0.0001405491344082	6.903296348516246e-05	6.908646696623462e-05	sub-20966	ses-1				space-ACPC			DSIStudio	autotrackgqi
Association_SuperiorLongitudinalFasciculusL	tyy	DSIStudio	/scratch/executivefunction/SLURM_8364170_114/job-8364170-114-sub-20966-ses-1/ds/inputs/data/qsiprep/qsiprep/sub-20966/ses-1/dwi/sub-20966_ses-1_space-ACPC_desc-preproc_dwi.nii.gz	0.0072179830892967	0.000845328705403	0.0003550992223454	0.0007736736442893	0.0008514746349188	0.0007754628895781	0.0003489686615539	0.0008162957599727	0.0008169284244736	sub-20966	ses-1				space-ACPC			DSIStudio	autotrackgqi
Association_SuperiorLongitudinalFasciculusL	tyz	DSIStudio	/scratch/executivefunction/SLURM_8364170_114/job-8364170-114-sub-20966-ses-1/ds/inputs/data/qsiprep/qsiprep/sub-20966/ses-1/dwi/sub-20966_ses-1_space-ACPC_desc-preproc_dwi.nii.gz	0.0072179830892967	3.003373208318668e-05	0.0001211900284946	1.861165037553292e-05	3.02520911656361e-05	1.931150836753659e-05	0.0001216026258677	4.915299370414316e-05	4.919108946450625e-05	sub-20966	ses-1				space-ACPC			DSIStudio	autotrackgqi
Association_SuperiorLongitudinalFasciculusL	tzz	DSIStudio	/scratch/executivefunction/SLURM_8364170_114/job-8364170-114-sub-20966-ses-1/ds/inputs/data/qsiprep/qsiprep/sub-20966/ses-1/dwi/sub-20966_ses-1_space-ACPC_desc-preproc_dwi.nii.gz	0.0072179830892967	0.0008790109668712	0.0003622246059552	0.0008334116719197	0.0008854017819606	0.0008352678560186	0.0003556714200682	0.00071520467062	0.0007157589851063	sub-20966	ses-1				space-ACPC			DSIStudio	autotrackgqi
Association_FrontalAslantTractL	ad	DSIStudio	/scratch/executivefunction/SLURM_8364170_114/job-8364170-114-sub-20966-ses-1/ds/inputs/data/qsiprep/qsiprep/sub-20966/ses-1/dwi/sub-20966_ses-1_space-ACPC_desc-preproc_dwi.nii.gz	0.0	1.2242227529176897	0.4321054075539346	1.09979510307312	1.2242227529176897	1.09979510307312	0.4321054075539346	1.165138909334873	1.165138909334873	sub-20966	ses-1				space-ACPC			DSIStudio	autotrackgqi
Association_FrontalAslantTractL	dti_fa	DSIStudio	/scratch/executivefunction/SLURM_8364170_114/job-8364170-114-sub-20966-ses-1/ds/inputs/data/qsiprep/qsiprep/sub-20966/ses-1/dwi/sub-20966_ses-1_space-ACPC_desc-preproc_dwi.nii.gz	0.0	0.3063616971633511	0.1763254358654521	0.2766208201646805	0.3063616971633511	0.2766208201646805	0.1763254358654521	0.4083223574310309	0.4083223574310309	sub-20966	ses-1				space-ACPC			DSIStudio	autotrackgqi
Association_FrontalAslantTractL	gfa	DSIStudio	/scratch/executivefunction/SLURM_8364170_114/job-8364170-114-sub-20966-ses-1/ds/inputs/data/qsiprep/qsiprep/sub-20966/ses-1/dwi/sub-20966_ses-1_space-ACPC_desc-preproc_dwi.nii.gz	0.0	0.0678734697496697	0.0367808929337569	0.0617028083652257	0.0678734697496697	0.0617028083652257	0.0367808929337569	0.0886974643176125	0.0886974643176125	sub-20966	ses-1				space-ACPC			DSIStudio	autotrackgqi
Association_FrontalAslantTractL	ha	DSIStudio	/scratch/executivefunction/SLURM_8364170_114/job-8364170-114-sub-20966-ses-1/ds/inputs/data/qsiprep/qsiprep/sub-20966/ses-1/dwi/sub-20966_ses-1_space-ACPC_desc-preproc_dwi.nii.gz	0.0	-4.1658090275898045	44.689220675470025	-5.339592933654785	-4.1658090275898045	-5.339592933654785	44.689220675470025	-12.549458247351048	-12.549458247351048	sub-20966	ses-1				space-ACPC			DSIStudio	autotrackgqi
Association_FrontalAslantTractL	iso	DSIStudio	/scratch/executivefunction/SLURM_8364170_114/job-8364170-114-sub-20966-ses-1/ds/inputs/data/qsiprep/qsiprep/sub-20966/ses-1/dwi/sub-20966_ses-1_space-ACPC_desc-preproc_dwi.nii.gz	0.0	0.5234096015785733	0.1224804162698289	0.5128258466720581	0.5234096015785733	0.5128258466720581	0.1224804162698289	0.5140283916567518	0.5140283916567518	sub-20966	ses-1				space-ACPC			DSIStudio	autotrackgqi
Association_FrontalAslantTractL	md	DSIStudio	/scratch/executivefunction/SLURM_8364170_114/job-8364170-114-sub-20966-ses-1/ds/inputs/data/qsiprep/qsiprep/sub-20966/ses-1/dwi/sub-20966_ses-1_space-ACPC_desc-preproc_dwi.nii.gz	0.0	0.941376254763428	0.4092501282828851	0.7928268015384674	0.941376254763428	0.7928268015384674	0.4092501282828851	0.8009983948734458	0.8009983948734458	sub-20966	ses-1				space-ACPC			DSIStudio	autotrackgqi
Association_FrontalAslantTractL	qa	DSIStudio	/scratch/executivefunction/SLURM_8364170_114/job-8364170-114-sub-20966-ses-1/ds/inputs/data/qsiprep/qsiprep/sub-20966/ses-1/dwi/sub-20966_ses-1_space-ACPC_desc-preproc_dwi.nii.gz	0.0	0.1551308808131986	0.085648749511386	0.1438708826899528	0.1551308808131986	0.1438708826899528	0.085648749511386	0.20294074911612	0.20294074911612	sub-20966	ses-1				space-ACPC			DSIStudio	autotrackgqi
Association_FrontalAslantTractL	rd1	DSIStudio	/scratch/executivefunction/SLURM_8364170_114/job-8364170-114-sub-20966-ses-1/ds/inputs/data/qsiprep/qsiprep/sub-20966/ses-1/dwi/sub-20966_ses-1_space-ACPC_desc-preproc_dwi.nii.gz	0.0	0.905770230622069	0.4301838806429505	0.7802791595458984	0.905770230622069	0.7802791595458984	0.4301838806429505	0.7370424366112912	0.7370424366112912	sub-20966	ses-1				space-ACPC			DSIStudio	autotrackgqi
Association_FrontalAslantTractL	rd2	DSIStudio	/scratch/executivefunction/SLURM_8364170_114/job-8364170-114-sub-20966-ses-1/ds/inputs/data/qsiprep/qsiprep/sub-20966/ses-1/dwi/sub-20966_ses-1_space-ACPC_desc-preproc_dwi.nii.gz	0.0	0.6941357805344897	0.4324532378165659	0.5860626101493835	0.6941357805344897	0.5860626101493835	0.4324532378165659	0.5008138373724523	0.5008138373724523	sub-20966	ses-1				space-ACPC			DSIStudio	autotrackgqi
Association_FrontalAslantTractL	rd	DSIStudio	/scratch/executivefunction/SLURM_8364170_114/job-8364170-114-sub-20966-ses-1/ds/inputs/data/qsiprep/qsiprep/sub-20966/ses-1/dwi/sub-20966_ses-1_space-ACPC_desc-preproc_dwi.nii.gz	0.0	0.7999530054228393	0.4249680296281152	0.6742999851703644	0.7999530054228393	0.6742999851703644	0.4249680296281152	0.6189281359333427	0.6189281359333427	sub-20966	ses-1				space-ACPC			DSIStudio	autotrackgqi
Association_FrontalAslantTractL	txx	DSIStudio	/scratch/executivefunction/SLURM_8364170_114/job-8364170-114-sub-20966-ses-1/ds/inputs/data/qsiprep/qsiprep/sub-20966/ses-1/dwi/sub-20966_ses-1_space-ACPC_desc-preproc_dwi.nii.gz	0.0	0.0009409055538607	0.0004204425809819	0.0008593224629294	0.0009409055538607	0.0008593224629294	0.0004204425809819	0.0008109395871231	0.0008109395871231	sub-20966	ses-1				space-ACPC			DSIStudio	autotrackgqi
Association_FrontalAslantTractL	txy	DSIStudio	/scratch/executivefunction/SLURM_8364170_114/job-8364170-114-sub-20966-ses-1/ds/inputs/data/qsiprep/qsiprep/sub-20966/ses-1/dwi/sub-20966_ses-1_space-ACPC_desc-preproc_dwi.nii.gz	0.0	-1.0025578354003952e-05	0.000104764000898	-9.34252466322505e-06	-1.0025578354003952e-05	-9.34252466322505e-06	0.000104764000898	-5.839953803400989e-06	-5.839953803400989e-06	sub-20966	ses-1				space-ACPC			DSIStudio	autotrackgqi
Association_FrontalAslantTractL	txz	DSIStudio	/scratch/executivefunction/SLURM_8364170_114/job-8364170-114-sub-20966-ses-1/ds/inputs/data/qsiprep/qsiprep/sub-20966/ses-1/dwi/sub-20966_ses-1_space-ACPC_desc-preproc_dwi.nii.gz	0.0	-2.0193841015758955e-05	0.0001667624015533	-1.271089513465995e-05	-2.0193841015758955e-05	-1.271089513465995e-05	0.0001667624015533	-9.18233937366434e-05	-9.18233937366434e-05	sub-20966	ses-1				space-ACPC			DSIStudio	autotrackgqi
Association_FrontalAslantTractL	tyy	DSIStudio	/scratch/executivefunction/SLURM_8364170_114/job-8364170-114-sub-20966-ses-1/ds/inputs/data/qsiprep/qsiprep/sub-20966/ses-1/dwi/sub-20966_ses-1_space-ACPC_desc-preproc_dwi.nii.gz	0.0	0.0009036794617816	0.0004539235849611	0.0007831885304767	0.0009036794617816	0.0007831885304767	0.0004539235849611	0.0007409750672917	0.0007409750672917	sub-20966	ses-1				space-ACPC			DSIStudio	autotrackgqi
Association_FrontalAslantTractL	tyz	DSIStudio	/scratch/executivefunction/SLURM_8364170_114/job-8364170-114-sub-20966-ses-1/ds/inputs/data/qsiprep/qsiprep/sub-20966/ses-1/dwi/sub-20966_ses-1_space-ACPC_desc-preproc_dwi.nii.gz	0.0	-1.3942544834111124e-05	0.0001197681693491	-8.189607797248755e-06	-1.3942544834111124e-05	-8.189607797248755e-06	0.0001197681693491	-2.5045431696297265e-05	-2.5045431696297265e-05	sub-20966	ses-1				space-ACPC			DSIStudio	autotrackgqi
Association_FrontalAslantTractL	tzz	DSIStudio	/scratch/executivefunction/SLURM_8364170_114/job-8364170-114-sub-20966-ses-1/ds/inputs/data/qsiprep/qsiprep/sub-20966/ses-1/dwi/sub-20966_ses-1_space-ACPC_desc-preproc_dwi.nii.gz	0.0	0.0009795437495195	0.0004558789477279	0.0008977321558631	0.0009795437495195	0.0008977321558631	0.0004558789477279	0.0008510805286208	0.0008510805286208	sub-20966	ses-1				space-ACPC			DSIStudio	autotrackgqi
Association_MiddleLongitudinalFasciculusL	ad	DSIStudio	/scratch/executivefunction/SLURM_8364170_114/job-8364170-114-sub-20966-ses-1/ds/inputs/data/qsiprep/qsiprep/sub-20966/ses-1/dwi/sub-20966_ses-1_space-ACPC_desc-preproc_dwi.nii.gz	0.0005656108597285	1.121601363585006	0.25388422914746	1.0612444281578064	1.1222361125174254	1.0614578127861023	0.2525496821643727	1.1774067128394508	1.1774208910326205	sub-20966	ses-1				space-ACPC			DSIStudio	autotrackgqi
Association_MiddleLongitudinalFasciculusL	dti_fa	DSIStudio	/scratch/executivefunction/SLURM_8364170_114/job-8364170-114-sub-20966-ses-1/ds/inputs/data/qsiprep/qsiprep/sub-20966/ses-1/dwi/sub-20966_ses-1_space-ACPC_desc-preproc_dwi.nii.gz	0.0005656108597285	0.3081997138073002	0.1813779239828007	0.2838965356349945	0.3083741335661045	0.2842166721820831	0.1812809497309655	0.4399941019376436	0.4399994003467913	sub-20966	ses-1				space-ACPC			DSIStudio	autotrackgqi
Association_MiddleLongitudinalFasciculusL	gfa	DSIStudio	/scratch/executivefunction/SLURM_8364170_114/job-8364170-114-sub-20966-ses-1/ds/inputs/data/qsiprep/qsiprep/sub-20966/ses-1/dwi/sub-20966_ses-1_space-ACPC_desc-preproc_dwi.nii.gz	0.0005656108597285	0.0684145197334985	0.0384850295064514	0.0620155874639749	0.0684532376280846	0.0620263386517763	0.0384614785180759	0.09413556954532	0.0941367031282349	sub-20966	ses-1				space-ACPC			DSIStudio	autotrackgqi
Association_MiddleLongitudinalFasciculusL	ha	DSIStudio	/scratch/executivefunction/SLURM_8364170_114/job-8364170-114-sub-20966-ses-1/ds/inputs/data/qsiprep/qsiprep/sub-20966/ses-1/dwi/sub-20966_ses-1_space-ACPC_desc-preproc_dwi.nii.gz	0.0005656108597285	10.179308812434224	38.27581526683914	14.736648082733154	10.185069598406171	14.751367092132568	38.28587821522579	21.56974321921701	21.57000298375305	sub-20966	ses-1				space-ACPC			DSIStudio	autotrackgqi
Association_MiddleLongitudinalFasciculusL	iso	DSIStudio	/scratch/executivefunction/SLURM_8364170_114/job-8364170-114-sub-20966-ses-1/ds/inputs/data/qsiprep/qsiprep/sub-20966/ses-1/dwi/sub-20966_ses-1_space-ACPC_desc-preproc_dwi.nii.gz	0.0005656108597285	0.5904424072599367	0.1626307105708954	0.536899209022522	0.5907765568961902	0.5369885265827179	0.1620688385053215	0.5199786570044025	0.519984918536926	sub-20966	ses-1				space-ACPC			DSIStudio	autotrackgqi
Association_MiddleLongitudinalFasciculusL	md	DSIStudio	/scratch/executivefunction/SLURM_8364170_114/job-8364170-114-sub-20966-ses-1/ds/inputs/data/qsiprep/qsiprep/sub-20966/ses-1/dwi/sub-20966_ses-1_space-ACPC_desc-preproc_dwi.nii.gz	0.0005656108597285	0.8467563226886464	0.2132480625808538	0.7943885624408722	0.8472355283042031	0.7944029271602631	0.2123545896197511	0.775052408986406	0.7750617419911444	sub-20966	ses-1				space-ACPC			DSIStudio	autotrackgqi
Association_MiddleLongitudinalFasciculusL	qa	DSIStudio	/scratch/executivefunction/SLURM_8364170_114/job-8364170-114-sub-20966-ses-1/ds/inputs/data/qsiprep/qsiprep/sub-20966/ses-1/dwi/sub-20966_ses-1_space-ACPC_desc-preproc_dwi.nii.gz	0.0005656108597285	0.166225112076244	0.0862512865311535	0.1525040045380592	0.1663191840129029	0.1525182723999023	0.0861849672616235	0.2157401935942182	0.2157427915472639	sub-20966	ses-1				space-ACPC			DSIStudio	autotrackgqi
Association_MiddleLongitudinalFasciculusL	rd1	DSIStudio	/scratch/executivefunction/SLURM_8364170_114/job-8364170-114-sub-20966-ses-1/ds/inputs/data/qsiprep/qsiprep/sub-20966/ses-1/dwi/sub-20966_ses-1_space-ACPC_desc-preproc_dwi.nii.gz	0.0005656108597285	0.8093953828719271	0.24136580055049	0.780195564031601	0.8098534447750805	0.7803311049938202	0.2406646138496549	0.6843069061288432	0.6843151463002872	sub-20966	ses-1				space-ACPC			DSIStudio	autotrackgqi
Association_MiddleLongitudinalFasciculusL	rd2	DSIStudio	/scratch/executivefunction/SLURM_8364170_114/job-8364170-114-sub-20966-ses-1/ds/inputs/data/qsiprep/qsiprep/sub-20966/ses-1/dwi/sub-20966_ses-1_space-ACPC_desc-preproc_dwi.nii.gz	0.0005656108597285	0.6092722217522865	0.2688023426698069	0.5749683678150177	0.6096170277634649	0.5750095248222351	0.2684872268474578	0.4634436085455822	0.4634491891951903	sub-20966	ses-1				space-ACPC			DSIStudio	autotrackgqi
Association_MiddleLongitudinalFasciculusL	rd	DSIStudio	/scratch/executivefunction/SLURM_8364170_114/job-8364170-114-sub-20966-ses-1/ds/inputs/data/qsiprep/qsiprep/sub-20966/ses-1/dwi/sub-20966_ses-1_space-ACPC_desc-preproc_dwi.nii.gz	0.0005656108597285	0.7093338031507186	0.2462113111988941	0.6696338653564453	0.7097352371083591	0.6697754561901093	0.2457018613630604	0.573875258736327	0.5738821691468698	sub-20966	ses-1				space-ACPC			DSIStudio	autotrackgqi
Association_MiddleLongitudinalFasciculusL	txx	DSIStudio	/scratch/executivefunction/SLURM_8364170_114/job-8364170-114-sub-20966-ses-1/ds/inputs/data/qsiprep/qsiprep/sub-20966/ses-1/dwi/sub-20966_ses-1_space-ACPC_desc-preproc_dwi.nii.gz	0.0005656108597285	0.000822572889519	0.0002624057075699	0.0008079538529273	0.0008230384089811	0.0008079949766397	0.0002617490843103	0.0007062574600467	0.0007062659644375	sub-20966	ses-1				space-ACPC			DSIStudio	autotrackgqi
Association_MiddleLongitudinalFasciculusL	txy	DSIStudio	/scratch/executivefunction/SLURM_8364170_114/job-8364170-114-sub-20966-ses-1/ds/inputs/data/qsiprep/qsiprep/sub-20966/ses-1/dwi/sub-20966_ses-1_space-ACPC_desc-preproc_dwi.nii.gz	0.0005656108597285	-1.7866392379311915e-05	0.0001080872502637	-7.051774218780338e-06	-1.7876503523838973e-05	-7.072910875649541e-06	0.0001081169949924	-6.669480415232601e-05	-6.669560707463039e-05	sub-20966	ses-1				space-ACPC			DSIStudio	autotrackgqi
Association_MiddleLongitudinalFasciculusL	txz	DSIStudio	/scratch/executivefunction/SLURM_8364170_114/job-8364170-114-sub-20966-ses-1/ds/inputs/data/qsiprep/qsiprep/sub-20966/ses-1/dwi/sub-20966_ses-1_space-ACPC_desc-preproc_dwi.nii.gz	0.0005656108597285	4.854575114925606e-06	0.0001239968934717	6.120317493696348e-06	4.857322469263424e-06	6.252525963645894e-06	0.0001240319215534	-3.9929591579021206e-05	-3.993007248525251e-05	sub-20966	ses-1				space-ACPC			DSIStudio	autotrackgqi
Association_MiddleLongitudinalFasciculusL	tyy	DSIStudio	/scratch/executivefunction/SLURM_8364170_114/job-8364170-114-sub-20966-ses-1/ds/inputs/data/qsiprep/qsiprep/sub-20966/ses-1/dwi/sub-20966_ses-1_space-ACPC_desc-preproc_dwi.nii.gz	0.0005656108597285	0.0008696003271604	0.0002546274320451	0.0008296956657432	0.0008700924609053	0.0008299290784634	0.0002538574787068	0.0008241658482427	0.0008241757727331	sub-20966	ses-1				space-ACPC			DSIStudio	autotrackgqi
Association_MiddleLongitudinalFasciculusL	tyz	DSIStudio	/scratch/executivefunction/SLURM_8364170_114/job-8364170-114-sub-20966-ses-1/ds/inputs/data/qsiprep/qsiprep/sub-20966/ses-1/dwi/sub-20966_ses-1_space-ACPC_desc-preproc_dwi.nii.gz	0.0005656108597285	0.0001051318906098	0.0001571100060695	6.805483280913904e-05	0.0001051913880012	6.83198231854476e-05	0.0001571345429283	0.0001904373075323	0.0001904396010189	sub-20966	ses-1				space-ACPC			DSIStudio	autotrackgqi
Association_MiddleLongitudinalFasciculusL	tzz	DSIStudio	/scratch/executivefunction/SLURM_8364170_114/job-8364170-114-sub-20966-ses-1/ds/inputs/data/qsiprep/qsiprep/sub-20966/ses-1/dwi/sub-20966_ses-1_space-ACPC_desc-preproc_dwi.nii.gz	0.0005656108597285	0.0008480957511814	0.0002592856868977	0.000814567960333	0.000848575714821	0.0008146592008415	0.0002585726763443	0.0007947339217622	0.0007947434918951	sub-20966	ses-1				space-ACPC			DSIStudio	autotrackgqi
Association_SuperiorLongitudinalFasciculusR	ad	DSIStudio	/scratch/executivefunction/SLURM_8364170_114/job-8364170-114-sub-20966-ses-1/ds/inputs/data/qsiprep/qsiprep/sub-20966/ses-1/dwi/sub-20966_ses-1_space-ACPC_desc-preproc_dwi.nii.gz	0.0	1.112012038918475	0.2296657616971776	1.0643752813339231	1.112012038918475	1.0643752813339231	0.2296657616971776	1.1485800116294762	1.1485800116294762	sub-20966	ses-1				space-ACPC			DSIStudio	autotrackgqi
Association_SuperiorLongitudinalFasciculusR	dti_fa	DSIStudio	/scratch/executivefunction/SLURM_8364170_114/job-8364170-114-sub-20966-ses-1/ds/inputs/data/qsiprep/qsiprep/sub-20966/ses-1/dwi/sub-20966_ses-1_space-ACPC_desc-preproc_dwi.nii.gz	0.0	0.31570436756554	0.1746883039746369	0.2990298271179199	0.31570436756554	0.2990298271179199	0.1746883039746369	0.4428864393455332	0.4428864393455332	sub-20966	ses-1				space-ACPC			DSIStudio	autotrackgqi
Association_SuperiorLongitudinalFasciculusR	gfa	DSIStudio	/scratch/executivefunction/SLURM_8364170_114/job-8364170-114-sub-20966-ses-1/ds/inputs/data/qsiprep/qsiprep/sub-20966/ses-1/dwi/sub-20966_ses-1_space-ACPC_desc-preproc_dwi.nii.gz	0.0	0.0699778714126587	0.0366903978323309	0.0661617815494537	0.0699778714126587	0.0661617815494537	0.0366903978323309	0.0960649655197096	0.0960649655197096	sub-20966	ses-1				space-ACPC			DSIStudio	autotrackgqi
Association_SuperiorLongitudinalFasciculusR	ha	DSIStudio	/scratch/executivefunction/SLURM_8364170_114/job-8364170-114-sub-20966-ses-1/ds/inputs/data/qsiprep/qsiprep/sub-20966/ses-1/dwi/sub-20966_ses-1_space-ACPC_desc-preproc_dwi.nii.gz	0.0	-1.933763292271686	39.6462351280458	-3.268568992614746	-1.933763292271686	-3.268568992614746	39.6462351280458	-5.235808095345123	-5.235808095345123	sub-20966	ses-1				space-ACPC			DSIStudio	autotrackgqi
Association_SuperiorLongitudinalFasciculusR	iso	DSIStudio	/scratch/executivefunction/SLURM_8364170_114/job-8364170-114-sub-20966-ses-1/ds/inputs/data/qsiprep/qsiprep/sub-20966/ses-1/dwi/sub-20966_ses-1_space-ACPC_desc-preproc_dwi.nii.gz	0.0	0.5508998610352802	0.0857194892791314	0.5409867167472839	0.5508998610352802	0.5409867167472839	0.0857194892791314	0.5184207722389981	0.5184207722389981	sub-20966	ses-1				space-ACPC			DSIStudio	autotrackgqi
Association_SuperiorLongitudinalFasciculusR	md	DSIStudio	/scratch/executivefunction/SLURM_8364170_114/job-8364170-114-sub-20966-ses-1/ds/inputs/data/qsiprep/qsiprep/sub-20966/ses-1/dwi/sub-20966_ses-1_space-ACPC_desc-preproc_dwi.nii.gz	0.0	0.8363589171918563	0.2118719990348799	0.7815766334533691	0.8363589171918563	0.7815766334533691	0.2118719990348799	0.7594145235136776	0.7594145235136776	sub-20966	ses-1				space-ACPC			DSIStudio	autotrackgqi
Association_SuperiorLongitudinalFasciculusR	qa	DSIStudio	/scratch/executivefunction/SLURM_8364170_114/job-8364170-114-sub-20966-ses-1/ds/inputs/data/qsiprep/qsiprep/sub-20966/ses-1/dwi/sub-20966_ses-1_space-ACPC_desc-preproc_dwi.nii.gz	0.0	0.1679168208293298	0.0860013826849509	0.1583713740110397	0.1679168208293298	0.1583713740110397	0.0860013826849509	0.2303817859222617	0.2303817859222617	sub-20966	ses-1				space-ACPC			DSIStudio	autotrackgqi
Association_SuperiorLongitudinalFasciculusR	rd1	DSIStudio	/scratch/executivefunction/SLURM_8364170_114/job-8364170-114-sub-20966-ses-1/ds/inputs/data/qsiprep/qsiprep/sub-20966/ses-1/dwi/sub-20966_ses-1_space-ACPC_desc-preproc_dwi.nii.gz	0.0	0.7975471510919737	0.2375727065782795	0.7654505372047424	0.7975471510919737	0.7654505372047424	0.2375727065782795	0.6841988186534862	0.6841988186534862	sub-20966	ses-1				space-ACPC			DSIStudio	autotrackgqi
Association_SuperiorLongitudinalFasciculusR	rd2	DSIStudio	/scratch/executivefunction/SLURM_8364170_114/job-8364170-114-sub-20966-ses-1/ds/inputs/data/qsiprep/qsiprep/sub-20966/ses-1/dwi/sub-20966_ses-1_space-ACPC_desc-preproc_dwi.nii.gz	0.0	0.5995175612020777	0.2734900002661078	0.5569405555725098	0.5995175612020777	0.5569405555725098	0.2734900002661078	0.445464741905491	0.445464741905491	sub-20966	ses-1				space-ACPC			DSIStudio	autotrackgqi
Association_SuperiorLongitudinalFasciculusR	rd	DSIStudio	/scratch/executivefunction/SLURM_8364170_114/job-8364170-114-sub-20966-ses-1/ds/inputs/data/qsiprep/qsiprep/sub-20966/ses-1/dwi/sub-20966_ses-1_space-ACPC_desc-preproc_dwi.nii.gz	0.0	0.6985323564501085	0.2484313365693483	0.6538876891136169	0.6985323564501085	0.6538876891136169	0.2484313365693483	0.5648317804383831	0.5648317804383831	sub-20966	ses-1				space-ACPC			DSIStudio	autotrackgqi
Association_SuperiorLongitudinalFasciculusR	txx	DSIStudio	/scratch/executivefunction/SLURM_8364170_114/job-8364170-114-sub-20966-ses-1/ds/inputs/data/qsiprep/qsiprep/sub-20966/ses-1/dwi/sub-20966_ses-1_space-ACPC_desc-preproc_dwi.nii.gz	0.0	0.0008593375321266	0.0002618742800622	0.0008359252824448	0.0008593375321266	0.0008359252824448	0.0002618742800622	0.0007633794786741	0.0007633794786741	sub-20966	ses-1				space-ACPC			DSIStudio	autotrackgqi
Association_SuperiorLongitudinalFasciculusR	txy	DSIStudio	/scratch/executivefunction/SLURM_8364170_114/job-8364170-114-sub-20966-ses-1/ds/inputs/data/qsiprep/qsiprep/sub-20966/ses-1/dwi/sub-20966_ses-1_space-ACPC_desc-preproc_dwi.nii.gz	0.0	3.075020826627672e-05	0.0001119485697933	2.4137330910889432e-05	3.075020826627672e-05	2.4137330910889432e-05	0.0001119485697933	2.8302312567781016e-05	2.8302312567781016e-05	sub-20966	ses-1				space-ACPC			DSIStudio	autotrackgqi
Association_SuperiorLongitudinalFasciculusR	txz	DSIStudio	/scratch/executivefunction/SLURM_8364170_114/job-8364170-114-sub-20966-ses-1/ds/inputs/data/qsiprep/qsiprep/sub-20966/ses-1/dwi/sub-20966_ses-1_space-ACPC_desc-preproc_dwi.nii.gz	0.0	-2.066431945654475e-05	0.0001444547245697	-1.7995660527958535e-05	-2.066431945654475e-05	-1.7995660527958535e-05	0.0001444547245697	-4.528082019726692e-05	-4.528082019726692e-05	sub-20966	ses-1				space-ACPC			DSIStudio	autotrackgqi
Association_SuperiorLongitudinalFasciculusR	tyy	DSIStudio	/scratch/executivefunction/SLURM_8364170_114/job-8364170-114-sub-20966-ses-1/ds/inputs/data/qsiprep/qsiprep/sub-20966/ses-1/dwi/sub-20966_ses-1_space-ACPC_desc-preproc_dwi.nii.gz	0.0	0.0008185341908806	0.0002629311301689	0.0007772349053993	0.0008185341908806	0.0007772349053993	0.0002629311301689	0.0008397403954262	0.0008397403954262	sub-20966	ses-1				space-ACPC			DSIStudio	autotrackgqi
Association_SuperiorLongitudinalFasciculusR	tyz	DSIStudio	/scratch/executivefunction/SLURM_8364170_114/job-8364170-114-sub-20966-ses-1/ds/inputs/data/qsiprep/qsiprep/sub-20966/ses-1/dwi/sub-20966_ses-1_space-ACPC_desc-preproc_dwi.nii.gz	0.0	4.0148000697313256e-05	0.0001236336871543	2.1663134248228744e-05	4.0148000697313256e-05	2.1663134248228744e-05	0.0001236336871543	8.352898498467351e-05	8.352898498467351e-05	sub-20966	ses-1				space-ACPC			DSIStudio	autotrackgqi
Association_SuperiorLongitudinalFasciculusR	tzz	DSIStudio	/scratch/executivefunction/SLURM_8364170_114/job-8364170-114-sub-20966-ses-1/ds/inputs/data/qsiprep/qsiprep/sub-20966/ses-1/dwi/sub-20966_ses-1_space-ACPC_desc-preproc_dwi.nii.gz	0.0	0.000831205027745	0.0002750395632089	0.0008239581948146	0.000831205027745	0.0008239581948146	0.0002750395632089	0.0006751236973211	0.0006751236973211	sub-20966	ses-1				space-ACPC			DSIStudio	autotrackgqi
Association_InferiorLongitudinalFasciculusR	ad	DSIStudio	/scratch/executivefunction/SLURM_8364170_114/job-8364170-114-sub-20966-ses-1/ds/inputs/data/qsiprep/qsiprep/sub-20966/ses-1/dwi/sub-20966_ses-1_space-ACPC_desc-preproc_dwi.nii.gz	0.0037356023658814	1.166719274308358	0.3178134775002315	1.0920041799545288	1.171094015884767	1.0932389497756958	0.3102594134313914	1.2014209394238529	1.20188629839969	sub-20966	ses-1				space-ACPC			DSIStudio	autotrackgqi
Association_InferiorLongitudinalFasciculusR	dti_fa	DSIStudio	/scratch/executivefunction/SLURM_8364170_114/job-8364170-114-sub-20966-ses-1/ds/inputs/data/qsiprep/qsiprep/sub-20966/ses-1/dwi/sub-20966_ses-1_space-ACPC_desc-preproc_dwi.nii.gz	0.0037356023658814	0.3081619406685881	0.1838347728225532	0.2635869681835174	0.309317427582875	0.2645944654941559	0.1832062508425211	0.4338922998345414	0.4340603639024211	sub-20966	ses-1				space-ACPC			DSIStudio	autotrackgqi
Association_InferiorLongitudinalFasciculusR	gfa	DSIStudio	/scratch/executivefunction/SLURM_8364170_114/job-8364170-114-sub-20966-ses-1/ds/inputs/data/qsiprep/qsiprep/sub-20966/ses-1/dwi/sub-20966_ses-1_space-ACPC_desc-preproc_dwi.nii.gz	0.0037356023658814	0.0670562038629902	0.0398277580262752	0.055069200694561	0.067307638436375	0.0554403774440288	0.0396897299202136	0.0957934280612822	0.0958305327410374	sub-20966	ses-1				space-ACPC			DSIStudio	autotrackgqi
Association_InferiorLongitudinalFasciculusR	ha	DSIStudio	/scratch/executivefunction/SLURM_8364170_114/job-8364170-114-sub-20966-ses-1/ds/inputs/data/qsiprep/qsiprep/sub-20966/ses-1/dwi/sub-20966_ses-1_space-ACPC_desc-preproc_dwi.nii.gz	0.0037356023658814	-5.709165790485293	36.104532212194826	-8.986265182495117	-5.730572932289008	-9.147052764892578	36.17046207344213	-14.3032013183254	-14.308741532985582	sub-20966	ses-1				space-ACPC			DSIStudio	autotrackgqi
Association_InferiorLongitudinalFasciculusR	iso	DSIStudio	/scratch/executivefunction/SLURM_8364170_114/job-8364170-114-sub-20966-ses-1/ds/inputs/data/qsiprep/qsiprep/sub-20966/ses-1/dwi/sub-20966_ses-1_space-ACPC_desc-preproc_dwi.nii.gz	0.0037356023658814	0.5808423402067554	0.2053229004823615	0.5572033524513245	0.5830202721146237	0.5577513575553894	0.2025976039921152	0.5303671298917056	0.5305725625212159	sub-20966	ses-1				space-ACPC			DSIStudio	autotrackgqi
Association_InferiorLongitudinalFasciculusR	md	DSIStudio	/scratch/executivefunction/SLURM_8364170_114/job-8364170-114-sub-20966-ses-1/ds/inputs/data/qsiprep/qsiprep/sub-20966/ses-1/dwi/sub-20966_ses-1_space-ACPC_desc-preproc_dwi.nii.gz	0.0037356023658814	0.878115086813642	0.2541111626168608	0.8078131675720215	0.8814076754112142	0.8083122372627258	0.2488222090062429	0.7954364679343674	0.7957445726380141	sub-20966	ses-1				space-ACPC			DSIStudio	autotrackgqi
Association_InferiorLongitudinalFasciculusR	qa	DSIStudio	/scratch/executivefunction/SLURM_8364170_114/job-8364170-114-sub-20966-ses-1/ds/inputs/data/qsiprep/qsiprep/sub-20966/ses-1/dwi/sub-20966_ses-1_space-ACPC_desc-preproc_dwi.nii.gz	0.0037356023658814	0.1639537110722645	0.0958605129724732	0.1422264873981475	0.1645684734510377	0.1428463011980056	0.0955119023696325	0.2249287889622793	0.2250159130454288	sub-20966	ses-1				space-ACPC			DSIStudio	autotrackgqi
Association_InferiorLongitudinalFasciculusR	rd1	DSIStudio	/scratch/executivefunction/SLURM_8364170_114/job-8364170-114-sub-20966-ses-1/ds/inputs/data/qsiprep/qsiprep/sub-20966/ses-1/dwi/sub-20966_ses-1_space-ACPC_desc-preproc_dwi.nii.gz	0.0037356023658814	0.8344486196982214	0.2828636982731191	0.7935843467712402	0.8375774760995479	0.7944239377975464	0.2787314575373865	0.705325050432248	0.7055982512967686	sub-20966	ses-1				space-ACPC			DSIStudio	autotrackgqi
Association_InferiorLongitudinalFasciculusR	rd2	DSIStudio	/scratch/executivefunction/SLURM_8364170_114/job-8364170-114-sub-20966-ses-1/ds/inputs/data/qsiprep/qsiprep/sub-20966/ses-1/dwi/sub-20966_ses-1_space-ACPC_desc-preproc_dwi.nii.gz	0.0037356023658814	0.6331773688677492	0.2842377032573409	0.6048166751861572	0.6355515366918549	0.6057325005531311	0.2821083141421603	0.479563412505521	0.4797491667755447	sub-20966	ses-1				space-ACPC			DSIStudio	autotrackgqi
Association_InferiorLongitudinalFasciculusR	rd	DSIStudio	/scratch/executivefunction/SLURM_8364170_114/job-8364170-114-sub-20966-ses-1/ds/inputs/data/qsiprep/qsiprep/sub-20966/ses-1/dwi/sub-20966_ses-1_space-ACPC_desc-preproc_dwi.nii.gz	0.0037356023658814	0.7338129944548117	0.2749195885331922	0.6939527988433838	0.7365645065681722	0.6945279240608215	0.2717305879029744	0.5924442319950916	0.5926737095625674	sub-20966	ses-1				space-ACPC			DSIStudio	autotrackgqi
Association_InferiorLongitudinalFasciculusR	txx	DSIStudio	/scratch/executivefunction/SLURM_8364170_114/job-8364170-114-sub-20966-ses-1/ds/inputs/data/qsiprep/qsiprep/sub-20966/ses-1/dwi/sub-20966_ses-1_space-ACPC_desc-preproc_dwi.nii.gz	0.0037356023658814	0.0008185896301564	0.0003072429448358	0.0007867412059567	0.0008216590215412	0.0007878181058913	0.0003036942385208	0.0006435864338494	0.0006438357209779	sub-20966	ses-1				space-ACPC			DSIStudio	autotrackgqi
Association_InferiorLongitudinalFasciculusR	txy	DSIStudio	/scratch/executivefunction/SLURM_8364170_114/job-8364170-114-sub-20966-ses-1/ds/inputs/data/qsiprep/qsiprep/sub-20966/ses-1/dwi/sub-20966_ses-1_space-ACPC_desc-preproc_dwi.nii.gz	0.0037356023658814	2.3806599982641293e-05	0.0001272350964848	1.7614087482797913e-05	2.389586543409167e-05	1.8202617866336368e-05	0.0001274650472321	4.163612048466497e-05	4.165224779190243e-05	sub-20966	ses-1				space-ACPC			DSIStudio	autotrackgqi
Association_InferiorLongitudinalFasciculusR	txz	DSIStudio	/scratch/executivefunction/SLURM_8364170_114/job-8364170-114-sub-20966-ses-1/ds/inputs/data/qsiprep/qsiprep/sub-20966/ses-1/dwi/sub-20966_ses-1_space-ACPC_desc-preproc_dwi.nii.gz	0.0037356023658814	1.997821341152179e-05	0.0001120992950565	1.5785293726366945e-05	2.005312390863821e-05	1.6199563106056303e-05	0.0001123025747671	1.432150642006803e-05	1.4327053748804624e-05	sub-20966	ses-1				space-ACPC			DSIStudio	autotrackgqi
Association_InferiorLongitudinalFasciculusR	tyy	DSIStudio	/scratch/executivefunction/SLURM_8364170_114/job-8364170-114-sub-20966-ses-1/ds/inputs/data/qsiprep/qsiprep/sub-20966/ses-1/dwi/sub-20966_ses-1_space-ACPC_desc-preproc_dwi.nii.gz	0.0037356023658814	0.0009707676709285	0.0003189487814818	0.0009040258009918	0.0009744076705279	0.0009049862856045	0.0003139473254616	0.0010034393570268	0.0010038280296006	sub-20966	ses-1				space-ACPC			DSIStudio	autotrackgqi
Association_InferiorLongitudinalFasciculusR	tyz	DSIStudio	/scratch/executivefunction/SLURM_8364170_114/job-8364170-114-sub-20966-ses-1/ds/inputs/data/qsiprep/qsiprep/sub-20966/ses-1/dwi/sub-20966_ses-1_space-ACPC_desc-preproc_dwi.nii.gz	0.0037356023658814	6.367029209841638e-05	0.0001579251028243	3.584622754715383e-05	6.390903082516808e-05	3.643285890575498e-05	0.0001581726811684	0.0001466577857242	0.0001467145923065	sub-20966	ses-1				space-ACPC			DSIStudio	autotrackgqi
Association_InferiorLongitudinalFasciculusR	tzz	DSIStudio	/scratch/executivefunction/SLURM_8364170_114/job-8364170-114-sub-20966-ses-1/ds/inputs/data/qsiprep/qsiprep/sub-20966/ses-1/dwi/sub-20966_ses-1_space-ACPC_desc-preproc_dwi.nii.gz	0.0037356023658814	0.0008449879621571	0.0002832312398162	0.0008103066356852	0.0008481563369761	0.0008111997740343	0.0002789864718074	0.0007392836106367	0.0007395699650444	sub-20966	ses-1				space-ACPC			DSIStudio	autotrackgqi
Association_ParietalAslantTractR	ad	DSIStudio	/scratch/executivefunction/SLURM_8364170_114/job-8364170-114-sub-20966-ses-1/ds/inputs/data/qsiprep/qsiprep/sub-20966/ses-1/dwi/sub-20966_ses-1_space-ACPC_desc-preproc_dwi.nii.gz	0.0036788227767114	1.1082196511943143	0.2680150407545418	1.0505656599998474	1.1123116486220668	1.0514235496520996	0.2598955921856233	1.145659525487951	1.145908963245978	sub-20966	ses-1				space-ACPC			DSIStudio	autotrackgqi
Association_ParietalAslantTractR	dti_fa	DSIStudio	/scratch/executivefunction/SLURM_8364170_114/job-8364170-114-sub-20966-ses-1/ds/inputs/data/qsiprep/qsiprep/sub-20966/ses-1/dwi/sub-20966_ses-1_space-ACPC_desc-preproc_dwi.nii.gz	0.0036788227767114	0.3009917359731815	0.1877663999631258	0.2580554634332657	0.3021031198112587	0.2592233419418335	0.1872181848251947	0.4131936029127441	0.4132835652306832	sub-20966	ses-1				space-ACPC			DSIStudio	autotrackgqi
Association_ParietalAslantTractR	gfa	DSIStudio	/scratch/executivefunction/SLURM_8364170_114/job-8364170-114-sub-20966-ses-1/ds/inputs/data/qsiprep/qsiprep/sub-20966/ses-1/dwi/sub-20966_ses-1_space-ACPC_desc-preproc_dwi.nii.gz	0.0036788227767114	0.0660432397981692	0.0392101213987934	0.0570046938955783	0.0662870982851427	0.0572257563471794	0.0390761535784269	0.089540167938137	0.0895596630115281	sub-20966	ses-1				space-ACPC			DSIStudio	autotrackgqi
Association_ParietalAslantTractR	ha	DSIStudio	/scratch/executivefunction/SLURM_8364170_114/job-8364170-114-sub-20966-ses-1/ds/inputs/data/qsiprep/qsiprep/sub-20966/ses-1/dwi/sub-20966_ses-1_space-ACPC_desc-preproc_dwi.nii.gz	0.0036788227767114	-4.637892597284638	33.47876658256517	-4.457071304321289	-4.65501758199126	-4.616047859191895	33.53932984821045	-14.39255028119567	-14.395683870509906	sub-20966	ses-1				space-ACPC			DSIStudio	autotrackgqi
Association_ParietalAslantTractR	iso	DSIStudio	/scratch/executivefunction/SLURM_8364170_114/job-8364170-114-sub-20966-ses-1/ds/inputs/data/qsiprep/qsiprep/sub-20966/ses-1/dwi/sub-20966_ses-1_space-ACPC_desc-preproc_dwi.nii.gz	0.0036788227767114	0.556884753755553	0.1042477957332855	0.5494056940078735	0.5589409986321588	0.5497171878814697	0.0987846696505879	0.533214906085291	0.5333309997803501	sub-20966	ses-1				space-ACPC			DSIStudio	autotrackgqi
Association_ParietalAslantTractR	md	DSIStudio	/scratch/executivefunction/SLURM_8364170_114/job-8364170-114-sub-20966-ses-1/ds/inputs/data/qsiprep/qsiprep/sub-20966/ses-1/dwi/sub-20966_ses-1_space-ACPC_desc-preproc_dwi.nii.gz	0.0036788227767114	0.8394298567528993	0.227013123589662	0.7831601798534393	0.8425293730003414	0.7835640907287598	0.2216163640518873	0.7755829826709489	0.7757518457235792	sub-20966	ses-1				space-ACPC			DSIStudio	autotrackgqi
Association_ParietalAslantTractR	qa	DSIStudio	/scratch/executivefunction/SLURM_8364170_114/job-8364170-114-sub-20966-ses-1/ds/inputs/data/qsiprep/qsiprep/sub-20966/ses-1/dwi/sub-20966_ses-1_space-ACPC_desc-preproc_dwi.nii.gz	0.0036788227767114	0.1574105000297967	0.0913889255727491	0.1353977248072624	0.1579917235810385	0.1357443928718567	0.0910546316686116	0.213171614678333	0.2132180273285373	sub-20966	ses-1				space-ACPC			DSIStudio	autotrackgqi
Association_ParietalAslantTractR	rd1	DSIStudio	/scratch/executivefunction/SLURM_8364170_114/job-8364170-114-sub-20966-ses-1/ds/inputs/data/qsiprep/qsiprep/sub-20966/ses-1/dwi/sub-20966_ses-1_space-ACPC_desc-preproc_dwi.nii.gz	0.0036788227767114	0.796299568605648	0.2543831758242335	0.7661712765693665	0.7992398302974011	0.7667620182037354	0.2501994493699435	0.6986784877012386	0.698830606733129	sub-20966	ses-1				space-ACPC			DSIStudio	autotrackgqi
Association_ParietalAslantTractR	rd2	DSIStudio	/scratch/executivefunction/SLURM_8364170_114/job-8364170-114-sub-20966-ses-1/ds/inputs/data/qsiprep/qsiprep/sub-20966/ses-1/dwi/sub-20966_ses-1_space-ACPC_desc-preproc_dwi.nii.gz	0.0036788227767114	0.6137703510581666	0.2751164811064689	0.5893993079662323	0.6160366406832007	0.5908368825912476	0.2730795407425225	0.482410935688693	0.4825159680568548	sub-20966	ses-1				space-ACPC			DSIStudio	autotrackgqi
Association_ParietalAslantTractR	rd	DSIStudio	/scratch/executivefunction/SLURM_8364170_114/job-8364170-114-sub-20966-ses-1/ds/inputs/data/qsiprep/qsiprep/sub-20966/ses-1/dwi/sub-20966_ses-1_space-ACPC_desc-preproc_dwi.nii.gz	0.0036788227767114	0.7050349601804828	0.2580780552637459	0.6744000911712646	0.7076382358401636	0.6749292612075806	0.2549667337096762	0.5905447124080513	0.5906732881082328	sub-20966	ses-1				space-ACPC			DSIStudio	autotrackgqi
Association_ParietalAslantTractR	txx	DSIStudio	/scratch/executivefunction/SLURM_8364170_114/job-8364170-114-sub-20966-ses-1/ds/inputs/data/qsiprep/qsiprep/sub-20966/ses-1/dwi/sub-20966_ses-1_space-ACPC_desc-preproc_dwi.nii.gz	0.0036788227767114	0.0008513484861702	0.0002784051022641	0.000846337468829	0.0008544920108422	0.0008471177425235	0.0002740610889262	0.0007595115684145	0.0007596769324047	sub-20966	ses-1				space-ACPC			DSIStudio	autotrackgqi
Association_ParietalAslantTractR	txy	DSIStudio	/scratch/executivefunction/SLURM_8364170_114/job-8364170-114-sub-20966-ses-1/ds/inputs/data/qsiprep/qsiprep/sub-20966/ses-1/dwi/sub-20966_ses-1_space-ACPC_desc-preproc_dwi.nii.gz	0.0036788227767114	-3.239177552864258e-05	0.0001109283042134	-2.4070373001450207e-05	-3.2511379130690866e-05	-2.4683742594788786e-05	0.0001111154156129	-4.6244009684935227e-05	-4.625407815910807e-05	sub-20966	ses-1				space-ACPC			DSIStudio	autotrackgqi
Association_ParietalAslantTractR	txz	DSIStudio	/scratch/executivefunction/SLURM_8364170_114/job-8364170-114-sub-20966-ses-1/ds/inputs/data/qsiprep/qsiprep/sub-20966/ses-1/dwi/sub-20966_ses-1_space-ACPC_desc-preproc_dwi.nii.gz	0.0036788227767114	2.9567339632655065e-05	0.0001368608051348	1.5777705812070053e-05	2.9676514269282305e-05	1.629565485927742e-05	0.0001371014299058	5.761416580581894e-05	5.762670982913182e-05	sub-20966	ses-1				space-ACPC			DSIStudio	autotrackgqi
Association_ParietalAslantTractR	tyy	DSIStudio	/scratch/executivefunction/SLURM_8364170_114/job-8364170-114-sub-20966-ses-1/ds/inputs/data/qsiprep/qsiprep/sub-20966/ses-1/dwi/sub-20966_ses-1_space-ACPC_desc-preproc_dwi.nii.gz	0.0036788227767114	0.0008433300650688	0.0003056415630179	0.0008117366523947	0.0008464439824707	0.0008123288862407	0.0003018707356906	0.000755700450589	0.000755864984678	sub-20966	ses-1				space-ACPC			DSIStudio	autotrackgqi
Association_ParietalAslantTractR	tyz	DSIStudio	/scratch/executivefunction/SLURM_8364170_114/job-8364170-114-sub-20966-ses-1/ds/inputs/data/qsiprep/qsiprep/sub-20966/ses-1/dwi/sub-20966_ses-1_space-ACPC_desc-preproc_dwi.nii.gz	0.0036788227767114	3.619550751321689e-05	0.0001299067579725	2.047127600235399e-05	3.632915603991524e-05	2.0935523934895173e-05	0.0001301277165546	8.335492242604575e-05	8.33730708201255e-05	sub-20966	ses-1				space-ACPC			DSIStudio	autotrackgqi
Association_ParietalAslantTractR	tzz	DSIStudio	/scratch/executivefunction/SLURM_8364170_114/job-8364170-114-sub-20966-ses-1/ds/inputs/data/qsiprep/qsiprep/sub-20966/ses-1/dwi/sub-20966_ses-1_space-ACPC_desc-preproc_dwi.nii.gz	0.0036788227767114	0.000823611019683	0.0002522658416366	0.0007899329939391	0.0008266521263538	0.0007906914688646	0.0002477076807998	0.0008115369298323	0.0008117136209112	sub-20966	ses-1				space-ACPC			DSIStudio	autotrackgqi
Association_ParietalAslantTractL	ad	DSIStudio	/scratch/executivefunction/SLURM_8364170_114/job-8364170-114-sub-20966-ses-1/ds/inputs/data/qsiprep/qsiprep/sub-20966/ses-1/dwi/sub-20966_ses-1_space-ACPC_desc-preproc_dwi.nii.gz	0.0274363085693924	1.0773439033664782	0.3342316762336577	1.037266731262207	1.1077360926169706	1.0438873767852783	0.2849485627686221	1.1403813495151498	1.143943161364175	sub-20966	ses-1				space-ACPC			DSIStudio	autotrackgqi
Association_ParietalAslantTractL	dti_fa	DSIStudio	/scratch/executivefunction/SLURM_8364170_114/job-8364170-114-sub-20966-ses-1/ds/inputs/data/qsiprep/qsiprep/sub-20966/ses-1/dwi/sub-20966_ses-1_space-ACPC_desc-preproc_dwi.nii.gz	0.0274363085693924	0.2720923595579761	0.1685630191423125	0.2260909974575042	0.2797681652681663	0.2331537157297134	0.1645223337871606	0.3965400917394913	0.3977786258250974	sub-20966	ses-1				space-ACPC			DSIStudio	autotrackgqi
Association_ParietalAslantTractL	gfa	DSIStudio	/scratch/executivefunction/SLURM_8364170_114/job-8364170-114-sub-20966-ses-1/ds/inputs/data/qsiprep/qsiprep/sub-20966/ses-1/dwi/sub-20966_ses-1_space-ACPC_desc-preproc_dwi.nii.gz	0.0274363085693924	0.0608580049239172	0.0359123883261059	0.0508936867117881	0.0625748271914173	0.0526234954595565	0.0349092048843128	0.0871694615008449	0.0874417223719613	sub-20966	ses-1				space-ACPC			DSIStudio	autotrackgqi
Association_ParietalAslantTractL	ha	DSIStudio	/scratch/executivefunction/SLURM_8364170_114/job-8364170-114-sub-20966-ses-1/ds/inputs/data/qsiprep/qsiprep/sub-20966/ses-1/dwi/sub-20966_ses-1_space-ACPC_desc-preproc_dwi.nii.gz	0.0274363085693924	3.475885940578619	35.428040450782504	3.1168549060821533	3.57394170809082	4.615135669708252	35.91940485079978	12.693401686528327	12.733047672556651	sub-20966	ses-1				space-ACPC			DSIStudio	autotrackgqi
Association_ParietalAslantTractL	iso	DSIStudio	/scratch/executivefunction/SLURM_8364170_114/job-8364170-114-sub-20966-ses-1/ds/inputs/data/qsiprep/qsiprep/sub-20966/ses-1/dwi/sub-20966_ses-1_space-ACPC_desc-preproc_dwi.nii.gz	0.0274363085693924	0.5133018859219268	0.133864158647066	0.5271403193473816	0.5277822835097592	0.5298726558685303	0.1038394589358962	0.5046502424108454	0.5062264426168852	sub-20966	ses-1				space-ACPC			DSIStudio	autotrackgqi
Association_ParietalAslantTractL	md	DSIStudio	/scratch/executivefunction/SLURM_8364170_114/job-8364170-114-sub-20966-ses-1/ds/inputs/data/qsiprep/qsiprep/sub-20966/ses-1/dwi/sub-20966_ses-1_space-ACPC_desc-preproc_dwi.nii.gz	0.0274363085693924	0.8345499647751055	0.275801722238917	0.7951125502586365	0.858092865411736	0.7987568974494934	0.2408535983957472	0.7864717026222234	0.7889281303380916	sub-20966	ses-1				space-ACPC			DSIStudio	autotrackgqi
Association_ParietalAslantTractL	qa	DSIStudio	/scratch/executivefunction/SLURM_8364170_114/job-8364170-114-sub-20966-ses-1/ds/inputs/data/qsiprep/qsiprep/sub-20966/ses-1/dwi/sub-20966_ses-1_space-ACPC_desc-preproc_dwi.nii.gz	0.0274363085693924	0.1365400158479788	0.0804231609838438	0.1158654242753982	0.1403918499642251	0.1190824136137962	0.0781638000847628	0.1960990483552606	0.1967115346272246	sub-20966	ses-1				space-ACPC			DSIStudio	autotrackgqi
Association_ParietalAslantTractL	rd1	DSIStudio	/scratch/executivefunction/SLURM_8364170_114/job-8364170-114-sub-20966-ses-1/ds/inputs/data/qsiprep/qsiprep/sub-20966/ses-1/dwi/sub-20966_ses-1_space-ACPC_desc-preproc_dwi.nii.gz	0.0274363085693924	0.8046765073287004	0.2853997532797495	0.7790187001228333	0.8273766689203144	0.7827916741371155	0.2548906604486782	0.724093223194568	0.7263548211412254	sub-20966	ses-1				space-ACPC			DSIStudio	autotrackgqi
Association_ParietalAslantTractL	rd2	DSIStudio	/scratch/executivefunction/SLURM_8364170_114/job-8364170-114-sub-20966-ses-1/ds/inputs/data/qsiprep/qsiprep/sub-20966/ses-1/dwi/sub-20966_ses-1_space-ACPC_desc-preproc_dwi.nii.gz	0.0274363085693924	0.6216294833487332	0.288945963965657	0.616526186466217	0.6391658344085803	0.6237298846244812	0.2731966410334844	0.4949405306318305	0.4964864039696186	sub-20966	ses-1				space-ACPC			DSIStudio	autotrackgqi
Association_ParietalAslantTractL	rd	DSIStudio	/scratch/executivefunction/SLURM_8364170_114/job-8364170-114-sub-20966-ses-1/ds/inputs/data/qsiprep/qsiprep/sub-20966/ses-1/dwi/sub-20966_ses-1_space-ACPC_desc-preproc_dwi.nii.gz	0.0274363085693924	0.7131529947812175	0.2796043505232534	0.6902816891670227	0.7332712510912207	0.6965814828872681	0.2561872264926235	0.6095168760768865	0.6114206117164972	sub-20966	ses-1				space-ACPC			DSIStudio	autotrackgqi
Association_ParietalAslantTractL	txx	DSIStudio	/scratch/executivefunction/SLURM_8364170_114/job-8364170-114-sub-20966-ses-1/ds/inputs/data/qsiprep/qsiprep/sub-20966/ses-1/dwi/sub-20966_ses-1_space-ACPC_desc-preproc_dwi.nii.gz	0.0274363085693924	0.0008543816144493	0.0002980777791268	0.000841511238832	0.0008784839717721	0.0008454486960545	0.0002649213520028	0.0008304424260976	0.0008330361897748	sub-20966	ses-1				space-ACPC			DSIStudio	autotrackgqi
Association_ParietalAslantTractL	txy	DSIStudio	/scratch/executivefunction/SLURM_8364170_114/job-8364170-114-sub-20966-ses-1/ds/inputs/data/qsiprep/qsiprep/sub-20966/ses-1/dwi/sub-20966_ses-1_space-ACPC_desc-preproc_dwi.nii.gz	0.0274363085693924	4.2066623566242194e-05	0.0001067226695133	2.4300939912791364e-05	4.325333542357894e-05	2.7035997845814563e-05	0.00010798012101	8.582878496250817e-05	8.609685843114352e-05	sub-20966	ses-1				space-ACPC			DSIStudio	autotrackgqi
Association_ParietalAslantTractL	txz	DSIStudio	/scratch/executivefunction/SLURM_8364170_114/job-8364170-114-sub-20966-ses-1/ds/inputs/data/qsiprep/qsiprep/sub-20966/ses-1/dwi/sub-20966_ses-1_space-ACPC_desc-preproc_dwi.nii.gz	0.0274363085693924	-3.269985498693044e-05	0.0001330796765953	-1.5520199667662382e-05	-3.362232754014298e-05	-1.848503234214149e-05	0.0001348287603692	-8.220317716211507e-05	-8.245992667555642e-05	sub-20966	ses-1				space-ACPC			DSIStudio	autotrackgqi
Association_ParietalAslantTractL	tyy	DSIStudio	/scratch/executivefunction/SLURM_8364170_114/job-8364170-114-sub-20966-ses-1/ds/inputs/data/qsiprep/qsiprep/sub-20966/ses-1/dwi/sub-20966_ses-1_space-ACPC_desc-preproc_dwi.nii.gz	0.0274363085693924	0.0008360924352006	0.0003336904641353	0.0008025569259189	0.0008596788493829	0.0008080851403065	0.0003069426359627	0.0007374250957689	0.0007397283338523	sub-20966	ses-1				space-ACPC			DSIStudio	autotrackgqi
Association_ParietalAslantTractL	tyz	DSIStudio	/scratch/executivefunction/SLURM_8364170_114/job-8364170-114-sub-20966-ses-1/ds/inputs/data/qsiprep/qsiprep/sub-20966/ses-1/dwi/sub-20966_ses-1_space-ACPC_desc-preproc_dwi.nii.gz	0.0274363085693924	1.3154224450680738e-05	0.0001265644369325	0.0	1.3525309001954747e-05	2.409307398920646e-06	0.0001283176756004	4.998454900967522e-05	5.0140668339601806e-05	sub-20966	ses-1				space-ACPC			DSIStudio	autotrackgqi
Association_ParietalAslantTractL	tzz	DSIStudio	/scratch/executivefunction/SLURM_8364170_114/job-8364170-114-sub-20966-ses-1/ds/inputs/data/qsiprep/qsiprep/sub-20966/ses-1/dwi/sub-20966_ses-1_space-ACPC_desc-preproc_dwi.nii.gz	0.0274363085693924	0.0008131758442747	0.0002907181456354	0.0007951049483381	0.0008361157746682	0.0008001434034667	0.0002602323061424	0.0007915475829495	0.0007940198643269	sub-20966	ses-1				space-ACPC			DSIStudio	autotrackgqi
Association_VerticalOccipitalFasciculusL	ad	DSIStudio	/scratch/executivefunction/SLURM_8364170_114/job-8364170-114-sub-20966-ses-1/ds/inputs/data/qsiprep/qsiprep/sub-20966/ses-1/dwi/sub-20966_ses-1_space-ACPC_desc-preproc_dwi.nii.gz	0.0246166263115415	1.105412425414702	0.3958828207061223	1.0141273736953735	1.1333107116994752	1.019641399383545	0.3592508112881555	1.0482821870069254	1.0512214592492382	sub-20966	ses-1				space-ACPC			DSIStudio	autotrackgqi
Association_VerticalOccipitalFasciculusL	dti_fa	DSIStudio	/scratch/executivefunction/SLURM_8364170_114/job-8364170-114-sub-20966-ses-1/ds/inputs/data/qsiprep/qsiprep/sub-20966/ses-1/dwi/sub-20966_ses-1_space-ACPC_desc-preproc_dwi.nii.gz	0.0246166263115415	0.2442670889075505	0.1468105292924484	0.2141978442668914	0.2504318768361234	0.218545913696289	0.1433646849362827	0.299764443202713	0.3006049509197742	sub-20966	ses-1				space-ACPC			DSIStudio	autotrackgqi
Association_VerticalOccipitalFasciculusL	gfa	DSIStudio	/scratch/executivefunction/SLURM_8364170_114/job-8364170-114-sub-20966-ses-1/ds/inputs/data/qsiprep/qsiprep/sub-20966/ses-1/dwi/sub-20966_ses-1_space-ACPC_desc-preproc_dwi.nii.gz	0.0246166263115415	0.0521936514241962	0.0286590838252318	0.0463104490190744	0.053510909486619	0.0472678579390049	0.0277774077616008	0.063021487079497	0.0631981926450119	sub-20966	ses-1				space-ACPC			DSIStudio	autotrackgqi
Association_VerticalOccipitalFasciculusL	ha	DSIStudio	/scratch/executivefunction/SLURM_8364170_114/job-8364170-114-sub-20966-ses-1/ds/inputs/data/qsiprep/qsiprep/sub-20966/ses-1/dwi/sub-20966_ses-1_space-ACPC_desc-preproc_dwi.nii.gz	0.0246166263115415	1.9736469820524396	34.28189423193294	0.0	2.0234576837095344	0.4811463952064514	34.71034829209829	9.245510686205506	9.271434152190578	sub-20966	ses-1				space-ACPC			DSIStudio	autotrackgqi
Association_VerticalOccipitalFasciculusL	iso	DSIStudio	/scratch/executivefunction/SLURM_8364170_114/job-8364170-114-sub-20966-ses-1/ds/inputs/data/qsiprep/qsiprep/sub-20966/ses-1/dwi/sub-20966_ses-1_space-ACPC_desc-preproc_dwi.nii.gz	0.0246166263115415	0.5577226916509977	0.1649153764074654	0.5865824222564697	0.5717984401783915	0.5893822908401489	0.1408367405721008	0.5958458839481193	0.5975165726062341	sub-20966	ses-1				space-ACPC			DSIStudio	autotrackgqi
Association_VerticalOccipitalFasciculusL	md	DSIStudio	/scratch/executivefunction/SLURM_8364170_114/job-8364170-114-sub-20966-ses-1/ds/inputs/data/qsiprep/qsiprep/sub-20966/ses-1/dwi/sub-20966_ses-1_space-ACPC_desc-preproc_dwi.nii.gz	0.0246166263115415	0.8826295564475802	0.3375905087372414	0.7910400032997131	0.9049052713599932	0.7959432601928711	0.3109441045619598	0.79442862421369	0.7966561179485396	sub-20966	ses-1				space-ACPC			DSIStudio	autotrackgqi
Association_VerticalOccipitalFasciculusL	qa	DSIStudio	/scratch/executivefunction/SLURM_8364170_114/job-8364170-114-sub-20966-ses-1/ds/inputs/data/qsiprep/qsiprep/sub-20966/ses-1/dwi/sub-20966_ses-1_space-ACPC_desc-preproc_dwi.nii.gz	0.0246166263115415	0.1279218779283758	0.0755448973503302	0.1086280792951583	0.131150357263763	0.1114659309387207	0.0736725781953734	0.1627331388457575	0.1631894253081946	sub-20966	ses-1				space-ACPC			DSIStudio	autotrackgqi
Association_VerticalOccipitalFasciculusL	rd1	DSIStudio	/scratch/executivefunction/SLURM_8364170_114/job-8364170-114-sub-20966-ses-1/ds/inputs/data/qsiprep/qsiprep/sub-20966/ses-1/dwi/sub-20966_ses-1_space-ACPC_desc-preproc_dwi.nii.gz	0.0246166263115415	0.8564140912238584	0.3397633230366863	0.7869485020637512	0.8780281828931407	0.7928748726844788	0.3152376479736137	0.756098706714965	0.7582187273867601	sub-20966	ses-1				space-ACPC			DSIStudio	autotrackgqi
Association_VerticalOccipitalFasciculusL	rd2	DSIStudio	/scratch/executivefunction/SLURM_8364170_114/job-8364170-114-sub-20966-ses-1/ds/inputs/data/qsiprep/qsiprep/sub-20966/ses-1/dwi/sub-20966_ses-1_space-ACPC_desc-preproc_dwi.nii.gz	0.0246166263115415	0.686062154986259	0.3322085957547319	0.6387730240821838	0.7033769218270375	0.6466765403747559	0.3177562942297248	0.5789049827190057	0.5805281710201016	sub-20966	ses-1				space-ACPC			DSIStudio	autotrackgqi
Association_VerticalOccipitalFasciculusL	rd	DSIStudio	/scratch/executivefunction/SLURM_8364170_114/job-8364170-114-sub-20966-ses-1/ds/inputs/data/qsiprep/qsiprep/sub-20966/ses-1/dwi/sub-20966_ses-1_space-ACPC_desc-preproc_dwi.nii.gz	0.0246166263115415	0.7712381236898601	0.3302781553191943	0.7048101723194122	0.7907025529596496	0.7115182280540466	0.3105577696197114	0.667501843443796	0.6693734479266717	sub-20966	ses-1				space-ACPC			DSIStudio	autotrackgqi
Association_VerticalOccipitalFasciculusL	txx	DSIStudio	/scratch/executivefunction/SLURM_8364170_114/job-8364170-114-sub-20966-ses-1/ds/inputs/data/qsiprep/qsiprep/sub-20966/ses-1/dwi/sub-20966_ses-1_space-ACPC_desc-preproc_dwi.nii.gz	0.0246166263115415	0.0008824927156801	0.0003396195359464	0.0008344535308424	0.0009047649770192	0.0008403742103837	0.0003132111786456	0.0007871573901835	0.0007893644960178	sub-20966	ses-1				space-ACPC			DSIStudio	autotrackgqi
Association_VerticalOccipitalFasciculusL	txy	DSIStudio	/scratch/executivefunction/SLURM_8364170_114/job-8364170-114-sub-20966-ses-1/ds/inputs/data/qsiprep/qsiprep/sub-20966/ses-1/dwi/sub-20966_ses-1_space-ACPC_desc-preproc_dwi.nii.gz	0.0246166263115415	-1.0613388437407836e-05	0.0001061207223776	-8.393552434426965e-06	-1.0881248054570384e-05	-1.0359901352785528e-05	0.0001074379466502	1.9409509540801137e-05	1.9463931796647135e-05	sub-20966	ses-1				space-ACPC			DSIStudio	autotrackgqi
Association_VerticalOccipitalFasciculusL	txz	DSIStudio	/scratch/executivefunction/SLURM_8364170_114/job-8364170-114-sub-20966-ses-1/ds/inputs/data/qsiprep/qsiprep/sub-20966/ses-1/dwi/sub-20966_ses-1_space-ACPC_desc-preproc_dwi.nii.gz	0.0246166263115415	-1.8522495494819115e-05	0.0001112370624995	-1.0893603757722303e-05	-1.898996435091509e-05	-1.3321337064553518e-05	0.0001125925958306	-2.692837162027832e-05	-2.700387607688308e-05	sub-20966	ses-1				space-ACPC			DSIStudio	autotrackgqi
Association_VerticalOccipitalFasciculusL	tyy	DSIStudio	/scratch/executivefunction/SLURM_8364170_114/job-8364170-114-sub-20966-ses-1/ds/inputs/data/qsiprep/qsiprep/sub-20966/ses-1/dwi/sub-20966_ses-1_space-ACPC_desc-preproc_dwi.nii.gz	0.0246166263115415	0.0009260640904413	0.0004113309946121	0.0008310160192195	0.0009494360017019	0.0008355749887414	0.0003889384701796	0.0008220915004742	0.0008243965579884	sub-20966	ses-1				space-ACPC			DSIStudio	autotrackgqi
Association_VerticalOccipitalFasciculusL	tyz	DSIStudio	/scratch/executivefunction/SLURM_8364170_114/job-8364170-114-sub-20966-ses-1/ds/inputs/data/qsiprep/qsiprep/sub-20966/ses-1/dwi/sub-20966_ses-1_space-ACPC_desc-preproc_dwi.nii.gz	0.0246166263115415	-1.2136827591965547e-05	0.000117541178832	-5.960788485026569e-06	-1.244313561145661e-05	-8.120742677419912e-06	0.0001189991692907	1.9211045981264823e-05	1.9264911622853758e-05	sub-20966	ses-1				space-ACPC			DSIStudio	autotrackgqi
Association_VerticalOccipitalFasciculusL	tzz	DSIStudio	/scratch/executivefunction/SLURM_8364170_114/job-8364170-114-sub-20966-ses-1/ds/inputs/data/qsiprep/qsiprep/sub-20966/ses-1/dwi/sub-20966_ses-1_space-ACPC_desc-preproc_dwi.nii.gz	0.0246166263115415	0.0008393318649291	0.0003272288096712	0.0008059858810156	0.0008605148371097	0.0008119062986224	0.0003025770533286	0.0007740369845423	0.0007762073024055	sub-20966	ses-1				space-ACPC			DSIStudio	autotrackgqi
Association_VerticalOccipitalFasciculusR	ad	DSIStudio	/scratch/executivefunction/SLURM_8364170_114/job-8364170-114-sub-20966-ses-1/ds/inputs/data/qsiprep/qsiprep/sub-20966/ses-1/dwi/sub-20966_ses-1_space-ACPC_desc-preproc_dwi.nii.gz	0.0048959608323133	1.081273649430479	0.3092110908508887	1.003639578819275	1.0865935689848727	1.004936456680298	0.3005017830357052	1.0607518021253544	1.0616598640363255	sub-20966	ses-1				space-ACPC			DSIStudio	autotrackgqi
Association_VerticalOccipitalFasciculusR	dti_fa	DSIStudio	/scratch/executivefunction/SLURM_8364170_114/job-8364170-114-sub-20966-ses-1/ds/inputs/data/qsiprep/qsiprep/sub-20966/ses-1/dwi/sub-20966_ses-1_space-ACPC_desc-preproc_dwi.nii.gz	0.0048959608323133	0.2921427454828292	0.1681089768039415	0.2674537301063537	0.2935801021641715	0.2682137191295624	0.1672653354443589	0.3549164329415881	0.355220261098553	sub-20966	ses-1				space-ACPC			DSIStudio	autotrackgqi
Association_VerticalOccipitalFasciculusR	gfa	DSIStudio	/scratch/executivefunction/SLURM_8364170_114/job-8364170-114-sub-20966-ses-1/ds/inputs/data/qsiprep/qsiprep/sub-20966/ses-1/dwi/sub-20966_ses-1_space-ACPC_desc-preproc_dwi.nii.gz	0.0048959608323133	0.0606534772680601	0.0337061818556147	0.0536503382027149	0.0609518953603999	0.0537843406200408	0.0335187596396947	0.0728389135814903	0.0729012677281957	sub-20966	ses-1				space-ACPC			DSIStudio	autotrackgqi
Association_VerticalOccipitalFasciculusR	ha	DSIStudio	/scratch/executivefunction/SLURM_8364170_114/job-8364170-114-sub-20966-ses-1/ds/inputs/data/qsiprep/qsiprep/sub-20966/ses-1/dwi/sub-20966_ses-1_space-ACPC_desc-preproc_dwi.nii.gz	0.0048959608323133	-8.265852873758096	38.08903525700673	-10.52321720123291	-8.306521276581014	-10.763087272644045	38.178196346874415	-9.67792723921479	-9.686212105844405	sub-20966	ses-1				space-ACPC			DSIStudio	autotrackgqi
Association_VerticalOccipitalFasciculusR	iso	DSIStudio	/scratch/executivefunction/SLURM_8364170_114/job-8364170-114-sub-20966-ses-1/ds/inputs/data/qsiprep/qsiprep/sub-20966/ses-1/dwi/sub-20966_ses-1_space-ACPC_desc-preproc_dwi.nii.gz	0.0048959608323133	0.5737633039268217	0.1337719020073345	0.5734280943870544	0.5765862476115786	0.5737391710281372	0.1278878225468637	0.5836863990941483	0.5841860669768395	sub-20966	ses-1				space-ACPC			DSIStudio	autotrackgqi
Association_VerticalOccipitalFasciculusR	md	DSIStudio	/scratch/executivefunction/SLURM_8364170_114/job-8364170-114-sub-20966-ses-1/ds/inputs/data/qsiprep/qsiprep/sub-20966/ses-1/dwi/sub-20966_ses-1_space-ACPC_desc-preproc_dwi.nii.gz	0.0048959608323133	0.8313203123529217	0.2769570100559532	0.7430608868598938	0.8354104491910664	0.7433474659919739	0.2714141404793069	0.7640665045956047	0.7647205874796841	sub-20966	ses-1				space-ACPC			DSIStudio	autotrackgqi
Association_VerticalOccipitalFasciculusR	qa	DSIStudio	/scratch/executivefunction/SLURM_8364170_114/job-8364170-114-sub-20966-ses-1/ds/inputs/data/qsiprep/qsiprep/sub-20966/ses-1/dwi/sub-20966_ses-1_space-ACPC_desc-preproc_dwi.nii.gz	0.0048959608323133	0.1538437057213545	0.0919463132724205	0.1376464664936065	0.1546006243226896	0.1381932944059372	0.0915352344437339	0.1879056159537781	0.1880664735975133	sub-20966	ses-1				space-ACPC			DSIStudio	autotrackgqi
Association_VerticalOccipitalFasciculusR	rd1	DSIStudio	/scratch/executivefunction/SLURM_8364170_114/job-8364170-114-sub-20966-ses-1/ds/inputs/data/qsiprep/qsiprep/sub-20966/ses-1/dwi/sub-20966_ses-1_space-ACPC_desc-preproc_dwi.nii.gz	0.0048959608323133	0.7964394071281127	0.2995909010815182	0.7252357602119446	0.8003579281963936	0.7257962822914124	0.2950594621197934	0.7105506940217816	0.7111589644177732	sub-20966	ses-1				space-ACPC			DSIStudio	autotrackgqi
Association_VerticalOccipitalFasciculusR	rd2	DSIStudio	/scratch/executivefunction/SLURM_8364170_114/job-8364170-114-sub-20966-ses-1/ds/inputs/data/qsiprep/qsiprep/sub-20966/ses-1/dwi/sub-20966_ses-1_space-ACPC_desc-preproc_dwi.nii.gz	0.0048959608323133	0.6162478823422997	0.2980356651588821	0.5467556715011597	0.6192798522431228	0.5478618741035461	0.2956089384180954	0.5208970212759074	0.5213429376242963	sub-20966	ses-1				space-ACPC			DSIStudio	autotrackgqi
Association_VerticalOccipitalFasciculusR	rd	DSIStudio	/scratch/executivefunction/SLURM_8364170_114/job-8364170-114-sub-20966-ses-1/ds/inputs/data/qsiprep/qsiprep/sub-20966/ses-1/dwi/sub-20966_ses-1_space-ACPC_desc-preproc_dwi.nii.gz	0.0048959608323133	0.7063436444707425	0.2932642245460699	0.626911997795105	0.7098188899539933	0.6274986863136292	0.2897589583660263	0.6157238566347256	0.6162509500060477	sub-20966	ses-1				space-ACPC			DSIStudio	autotrackgqi
Association_VerticalOccipitalFasciculusR	txx	DSIStudio	/scratch/executivefunction/SLURM_8364170_114/job-8364170-114-sub-20966-ses-1/ds/inputs/data/qsiprep/qsiprep/sub-20966/ses-1/dwi/sub-20966_ses-1_space-ACPC_desc-preproc_dwi.nii.gz	0.0048959608323133	0.0008034415584449	0.000293961317796	0.0007483243825845	0.0008073945304422	0.0007490299758501	0.0002892175753021	0.0007313323335939	0.0007319583942377	sub-20966	ses-1				space-ACPC			DSIStudio	autotrackgqi
Association_VerticalOccipitalFasciculusR	txy	DSIStudio	/scratch/executivefunction/SLURM_8364170_114/job-8364170-114-sub-20966-ses-1/ds/inputs/data/qsiprep/qsiprep/sub-20966/ses-1/dwi/sub-20966_ses-1_space-ACPC_desc-preproc_dwi.nii.gz	0.0048959608323133	2.469090704991749e-05	0.0001073947194172	1.7681382814771496e-05	2.4812387527407864e-05	1.8332793843001127e-05	0.000107644589015	3.636673734771056e-05	3.6397869373689165e-05	sub-20966	ses-1				space-ACPC			DSIStudio	autotrackgqi
Association_VerticalOccipitalFasciculusR	txz	DSIStudio	/scratch/executivefunction/SLURM_8364170_114/job-8364170-114-sub-20966-ses-1/ds/inputs/data/qsiprep/qsiprep/sub-20966/ses-1/dwi/sub-20966_ses-1_space-ACPC_desc-preproc_dwi.nii.gz	0.0048959608323133	2.6086652105084704e-05	0.0001056583526922	2.0843099264311604e-05	2.621499971691784e-05	2.1406600353657268e-05	0.0001059020715225	4.122932486105709e-05	4.126461957620766e-05	sub-20966	ses-1				space-ACPC			DSIStudio	autotrackgqi
Association_VerticalOccipitalFasciculusR	tyy	DSIStudio	/scratch/executivefunction/SLURM_8364170_114/job-8364170-114-sub-20966-ses-1/ds/inputs/data/qsiprep/qsiprep/sub-20966/ses-1/dwi/sub-20966_ses-1_space-ACPC_desc-preproc_dwi.nii.gz	0.0048959608323133	0.0008682412864725	0.0003525119788713	0.0007957357447594	0.0008725130763198	0.000797803979367	0.0003480644928187	0.0007969676045624	0.0007976498524781	sub-20966	ses-1				space-ACPC			DSIStudio	autotrackgqi
Association_VerticalOccipitalFasciculusR	tyz	DSIStudio	/scratch/executivefunction/SLURM_8364170_114/job-8364170-114-sub-20966-ses-1/ds/inputs/data/qsiprep/qsiprep/sub-20966/ses-1/dwi/sub-20966_ses-1_space-ACPC_desc-preproc_dwi.nii.gz	0.0048959608323133	3.603060047989649e-05	0.0001456831084298	1.984540358535014e-05	3.620787280698086e-05	2.0596340618794784e-05	0.0001460190755589	4.54443365208677e-05	4.548323922040464e-05	sub-20966	ses-1				space-ACPC			DSIStudio	autotrackgqi
Association_VerticalOccipitalFasciculusR	tzz	DSIStudio	/scratch/executivefunction/SLURM_8364170_114/job-8364170-114-sub-20966-ses-1/ds/inputs/data/qsiprep/qsiprep/sub-20966/ses-1/dwi/sub-20966_ses-1_space-ACPC_desc-preproc_dwi.nii.gz	0.0048959608323133	0.0008222780952486	0.0002796826514451	0.0007928046979941	0.0008263237439337	0.0007935787434689	0.0002743432666142	0.0007638995776939	0.0007645535177885	sub-20966	ses-1				space-ACPC			DSIStudio	autotrackgqi
Association_HippocampusAlveusR	ad	DSIStudio	/scratch/executivefunction/SLURM_8364170_114/job-8364170-114-sub-20966-ses-1/ds/inputs/data/qsiprep/qsiprep/sub-20966/ses-1/dwi/sub-20966_ses-1_space-ACPC_desc-preproc_dwi.nii.gz	0.0	1.3951658034324643	0.5336293583928038	1.2226746082305908	1.3951658034324643	1.2226746082305908	0.5336293583928038	1.4666590655848777	1.4666590655848777	sub-20966	ses-1				space-ACPC			DSIStudio	autotrackgqi
Association_HippocampusAlveusR	dti_fa	DSIStudio	/scratch/executivefunction/SLURM_8364170_114/job-8364170-114-sub-20966-ses-1/ds/inputs/data/qsiprep/qsiprep/sub-20966/ses-1/dwi/sub-20966_ses-1_space-ACPC_desc-preproc_dwi.nii.gz	0.0	0.2490852889263381	0.1454316061398253	0.2112381532788276	0.2490852889263381	0.2112381532788276	0.1454316061398253	0.2848974078744396	0.2848974078744396	sub-20966	ses-1				space-ACPC			DSIStudio	autotrackgqi
Association_HippocampusAlveusR	gfa	DSIStudio	/scratch/executivefunction/SLURM_8364170_114/job-8364170-114-sub-20966-ses-1/ds/inputs/data/qsiprep/qsiprep/sub-20966/ses-1/dwi/sub-20966_ses-1_space-ACPC_desc-preproc_dwi.nii.gz	0.0	0.0604585054465052	0.0338956573363169	0.0510872863233089	0.0604585054465052	0.0510872863233089	0.0338956573363169	0.0724226061754211	0.0724226061754211	sub-20966	ses-1				space-ACPC			DSIStudio	autotrackgqi
Association_HippocampusAlveusR	ha	DSIStudio	/scratch/executivefunction/SLURM_8364170_114/job-8364170-114-sub-20966-ses-1/ds/inputs/data/qsiprep/qsiprep/sub-20966/ses-1/dwi/sub-20966_ses-1_space-ACPC_desc-preproc_dwi.nii.gz	0.0	-15.582323942435906	36.83332455043445	-22.02601432800293	-15.582323942435906	-22.02601432800293	36.83332455043445	-25.85205217994641	-25.85205217994641	sub-20966	ses-1				space-ACPC			DSIStudio	autotrackgqi
Association_HippocampusAlveusR	iso	DSIStudio	/scratch/executivefunction/SLURM_8364170_114/job-8364170-114-sub-20966-ses-1/ds/inputs/data/qsiprep/qsiprep/sub-20966/ses-1/dwi/sub-20966_ses-1_space-ACPC_desc-preproc_dwi.nii.gz	0.0	0.5459632580106457	0.2338407684223144	0.5204343199729919	0.5459632580106457	0.5204343199729919	0.2338407684223144	0.508278111325361	0.508278111325361	sub-20966	ses-1				space-ACPC			DSIStudio	autotrackgqi
Association_HippocampusAlveusR	md	DSIStudio	/scratch/executivefunction/SLURM_8364170_114/job-8364170-114-sub-20966-ses-1/ds/inputs/data/qsiprep/qsiprep/sub-20966/ses-1/dwi/sub-20966_ses-1_space-ACPC_desc-preproc_dwi.nii.gz	0.0	1.113472548921903	0.4717279735099214	0.929794043302536	1.113472548921903	0.929794043302536	0.4717279735099214	1.1256370247457652	1.1256370247457652	sub-20966	ses-1				space-ACPC			DSIStudio	autotrackgqi
Association_HippocampusAlveusR	qa	DSIStudio	/scratch/executivefunction/SLURM_8364170_114/job-8364170-114-sub-20966-ses-1/ds/inputs/data/qsiprep/qsiprep/sub-20966/ses-1/dwi/sub-20966_ses-1_space-ACPC_desc-preproc_dwi.nii.gz	0.0	0.1375538687625279	0.0778389781694466	0.1155908703804016	0.1375538687625279	0.1155908703804016	0.0778389781694466	0.1583715679450091	0.1583715679450091	sub-20966	ses-1				space-ACPC			DSIStudio	autotrackgqi
Association_HippocampusAlveusR	rd1	DSIStudio	/scratch/executivefunction/SLURM_8364170_114/job-8364170-114-sub-20966-ses-1/ds/inputs/data/qsiprep/qsiprep/sub-20966/ses-1/dwi/sub-20966_ses-1_space-ACPC_desc-preproc_dwi.nii.gz	0.0	1.0695860108815962	0.4757558053968985	0.901654988527298	1.0695860108815962	0.901654988527298	0.4757558053968985	1.0568656859354149	1.0568656859354149	sub-20966	ses-1				space-ACPC			DSIStudio	autotrackgqi
Association_HippocampusAlveusR	rd2	DSIStudio	/scratch/executivefunction/SLURM_8364170_114/job-8364170-114-sub-20966-ses-1/ds/inputs/data/qsiprep/qsiprep/sub-20966/ses-1/dwi/sub-20966_ses-1_space-ACPC_desc-preproc_dwi.nii.gz	0.0	0.875665833093226	0.4631771610263295	0.7378807067871094	0.875665833093226	0.7378807067871094	0.4631771610263295	0.8533863398998421	0.8533863398998421	sub-20966	ses-1				space-ACPC			DSIStudio	autotrackgqi
Association_HippocampusAlveusR	rd	DSIStudio	/scratch/executivefunction/SLURM_8364170_114/job-8364170-114-sub-20966-ses-1/ds/inputs/data/qsiprep/qsiprep/sub-20966/ses-1/dwi/sub-20966_ses-1_space-ACPC_desc-preproc_dwi.nii.gz	0.0	0.9726259208636152	0.465548910109575	0.8138667643070221	0.9726259208636152	0.8138667643070221	0.465548910109575	0.9551260098375332	0.9551260098375332	sub-20966	ses-1				space-ACPC			DSIStudio	autotrackgqi
Association_HippocampusAlveusR	txx	DSIStudio	/scratch/executivefunction/SLURM_8364170_114/job-8364170-114-sub-20966-ses-1/ds/inputs/data/qsiprep/qsiprep/sub-20966/ses-1/dwi/sub-20966_ses-1_space-ACPC_desc-preproc_dwi.nii.gz	0.0	0.0010956780019559	0.0004962846292242	0.0009292356844525	0.0010956780019559	0.0009292356844525	0.0004962846292242	0.0011094008458152	0.0011094008458152	sub-20966	ses-1				space-ACPC			DSIStudio	autotrackgqi
Association_HippocampusAlveusR	txy	DSIStudio	/scratch/executivefunction/SLURM_8364170_114/job-8364170-114-sub-20966-ses-1/ds/inputs/data/qsiprep/qsiprep/sub-20966/ses-1/dwi/sub-20966_ses-1_space-ACPC_desc-preproc_dwi.nii.gz	0.0	-9.225049095490256e-06	0.0001187601499015	-1.0916032806562723e-06	-9.225049095490256e-06	-1.0916032806562723e-06	0.0001187601499015	-1.011189143336974e-05	-1.011189143336974e-05	sub-20966	ses-1				space-ACPC			DSIStudio	autotrackgqi
Association_HippocampusAlveusR	txz	DSIStudio	/scratch/executivefunction/SLURM_8364170_114/job-8364170-114-sub-20966-ses-1/ds/inputs/data/qsiprep/qsiprep/sub-20966/ses-1/dwi/sub-20966_ses-1_space-ACPC_desc-preproc_dwi.nii.gz	0.0	4.13525851235826e-05	0.0001263565396549	3.0450501071754843e-05	4.13525851235826e-05	3.0450501071754843e-05	0.0001263565396549	7.299494303255421e-05	7.299494303255421e-05	sub-20966	ses-1				space-ACPC			DSIStudio	autotrackgqi
Association_HippocampusAlveusR	tyy	DSIStudio	/scratch/executivefunction/SLURM_8364170_114/job-8364170-114-sub-20966-ses-1/ds/inputs/data/qsiprep/qsiprep/sub-20966/ses-1/dwi/sub-20966_ses-1_space-ACPC_desc-preproc_dwi.nii.gz	0.0	0.0011340369711494	0.0005135432447597	0.0009663585515227	0.0011340369711494	0.0009663585515227	0.0005135432447597	0.0011464169283672	0.0011464169283672	sub-20966	ses-1				space-ACPC			DSIStudio	autotrackgqi
Association_HippocampusAlveusR	tyz	DSIStudio	/scratch/executivefunction/SLURM_8364170_114/job-8364170-114-sub-20966-ses-1/ds/inputs/data/qsiprep/qsiprep/sub-20966/ses-1/dwi/sub-20966_ses-1_space-ACPC_desc-preproc_dwi.nii.gz	0.0	4.66592718603604e-05	0.000165345744022	3.51775288436329e-05	4.66592718603604e-05	3.51775288436329e-05	0.000165345744022	9.820228465297137e-05	9.820228465297137e-05	sub-20966	ses-1				space-ACPC			DSIStudio	autotrackgqi
Association_HippocampusAlveusR	tzz	DSIStudio	/scratch/executivefunction/SLURM_8364170_114/job-8364170-114-sub-20966-ses-1/ds/inputs/data/qsiprep/qsiprep/sub-20966/ses-1/dwi/sub-20966_ses-1_space-ACPC_desc-preproc_dwi.nii.gz	0.0	0.0011107026712529	0.0004795112389701	0.0009607331594452	0.0011107026712529	0.0009607331594452	0.0004795112389701	0.0011210933137525	0.0011210933137525	sub-20966	ses-1				space-ACPC			DSIStudio	autotrackgqi
ProjectionBasalGanglia_CorticostriatalTractL	ad	DSIStudio	/scratch/executivefunction/SLURM_8364170_114/job-8364170-114-sub-20966-ses-1/ds/inputs/data/qsiprep/qsiprep/sub-20966/ses-1/dwi/sub-20966_ses-1_space-ACPC_desc-preproc_dwi.nii.gz	0.0022585599421808	1.1871825082481515	0.3557142329243759	1.1120513677597046	1.189869900742375	1.1126437783241272	0.3515983453844988	1.137198968413868	1.13732261635141	sub-20966	ses-1				space-ACPC			DSIStudio	autotrackgqi
ProjectionBasalGanglia_CorticostriatalTractL	dti_fa	DSIStudio	/scratch/executivefunction/SLURM_8364170_114/job-8364170-114-sub-20966-ses-1/ds/inputs/data/qsiprep/qsiprep/sub-20966/ses-1/dwi/sub-20966_ses-1_space-ACPC_desc-preproc_dwi.nii.gz	0.0022585599421808	0.3545757887829612	0.1755486000173333	0.3539746403694153	0.3553784322744112	0.3544293940067291	0.1749337848566723	0.4258231455901801	0.4258694455456366	sub-20966	ses-1				space-ACPC			DSIStudio	autotrackgqi
ProjectionBasalGanglia_CorticostriatalTractL	gfa	DSIStudio	/scratch/executivefunction/SLURM_8364170_114/job-8364170-114-sub-20966-ses-1/ds/inputs/data/qsiprep/qsiprep/sub-20966/ses-1/dwi/sub-20966_ses-1_space-ACPC_desc-preproc_dwi.nii.gz	0.0022585599421808	0.0765580444887236	0.0369125487608526	0.075500838458538	0.0767313468349947	0.0756433606147766	0.0367739428066743	0.0899412906384882	0.0899510699902422	sub-20966	ses-1				space-ACPC			DSIStudio	autotrackgqi
ProjectionBasalGanglia_CorticostriatalTractL	ha	DSIStudio	/scratch/executivefunction/SLURM_8364170_114/job-8364170-114-sub-20966-ses-1/ds/inputs/data/qsiprep/qsiprep/sub-20966/ses-1/dwi/sub-20966_ses-1_space-ACPC_desc-preproc_dwi.nii.gz	0.0022585599421808	-1.5145611828030685	45.81570012762927	-4.162418842315674	-1.5179896534269433	-4.392983913421631	45.86746995393267	7.493311983927874	7.4941267178445745	sub-20966	ses-1				space-ACPC			DSIStudio	autotrackgqi
ProjectionBasalGanglia_CorticostriatalTractL	iso	DSIStudio	/scratch/executivefunction/SLURM_8364170_114/job-8364170-114-sub-20966-ses-1/ds/inputs/data/qsiprep/qsiprep/sub-20966/ses-1/dwi/sub-20966_ses-1_space-ACPC_desc-preproc_dwi.nii.gz	0.0022585599421808	0.5157448615593088	0.1212590549279326	0.5102604031562805	0.5169123390619331	0.5105812847614288	0.1188846473270814	0.5146443292645339	0.5147002866961532	sub-20966	ses-1				space-ACPC			DSIStudio	autotrackgqi
ProjectionBasalGanglia_CorticostriatalTractL	md	DSIStudio	/scratch/executivefunction/SLURM_8364170_114/job-8364170-114-sub-20966-ses-1/ds/inputs/data/qsiprep/qsiprep/sub-20966/ses-1/dwi/sub-20966_ses-1_space-ACPC_desc-preproc_dwi.nii.gz	0.0022585599421808	0.8604437029208796	0.3119946324180933	0.7722578644752502	0.8623914657398783	0.7724542319774628	0.3096469989962082	0.7613268523664682	0.7614096315635099	sub-20966	ses-1				space-ACPC			DSIStudio	autotrackgqi
ProjectionBasalGanglia_CorticostriatalTractL	qa	DSIStudio	/scratch/executivefunction/SLURM_8364170_114/job-8364170-114-sub-20966-ses-1/ds/inputs/data/qsiprep/qsiprep/sub-20966/ses-1/dwi/sub-20966_ses-1_space-ACPC_desc-preproc_dwi.nii.gz	0.0022585599421808	0.1748642728293185	0.0873321103777873	0.1699258387088775	0.1752601082893631	0.1701066792011261	0.0870332587934763	0.2111807762289942	0.2112037380051646	sub-20966	ses-1				space-ACPC			DSIStudio	autotrackgqi
ProjectionBasalGanglia_CorticostriatalTractL	rd1	DSIStudio	/scratch/executivefunction/SLURM_8364170_114/job-8364170-114-sub-20966-ses-1/ds/inputs/data/qsiprep/qsiprep/sub-20966/ses-1/dwi/sub-20966_ses-1_space-ACPC_desc-preproc_dwi.nii.gz	0.0022585599421808	0.8007487232865589	0.3361464081969255	0.7314953207969666	0.8025613562168525	0.7320194840431213	0.3343582523934587	0.6820182049631913	0.6820923608759415	sub-20966	ses-1				space-ACPC			DSIStudio	autotrackgqi
ProjectionBasalGanglia_CorticostriatalTractL	rd2	DSIStudio	/scratch/executivefunction/SLURM_8364170_114/job-8364170-114-sub-20966-ses-1/ds/inputs/data/qsiprep/qsiprep/sub-20966/ses-1/dwi/sub-20966_ses-1_space-ACPC_desc-preproc_dwi.nii.gz	0.0022585599421808	0.5933998760658995	0.3331338083052111	0.5136730074882507	0.5947431390957482	0.514101654291153	0.3323107821372116	0.4647633840179307	0.464813917758795	sub-20966	ses-1				space-ACPC			DSIStudio	autotrackgqi
ProjectionBasalGanglia_CorticostriatalTractL	rd	DSIStudio	/scratch/executivefunction/SLURM_8364170_114/job-8364170-114-sub-20966-ses-1/ds/inputs/data/qsiprep/qsiprep/sub-20966/ses-1/dwi/sub-20966_ses-1_space-ACPC_desc-preproc_dwi.nii.gz	0.0022585599421808	0.6970742998116491	0.3284619163446333	0.6176435351371765	0.6986522477920268	0.6179760694503784	0.3271528923164938	0.5733907945815547	0.5734531394083717	sub-20966	ses-1				space-ACPC			DSIStudio	autotrackgqi
ProjectionBasalGanglia_CorticostriatalTractL	txx	DSIStudio	/scratch/executivefunction/SLURM_8364170_114/job-8364170-114-sub-20966-ses-1/ds/inputs/data/qsiprep/qsiprep/sub-20966/ses-1/dwi/sub-20966_ses-1_space-ACPC_desc-preproc_dwi.nii.gz	0.0022585599421808	0.0007851782133397	0.0003704080850377	0.0007103815441951	0.0007869555997336	0.0007109877478796	0.0003689363170382	0.0006221924531046	0.000622260104159	sub-20966	ses-1				space-ACPC			DSIStudio	autotrackgqi
ProjectionBasalGanglia_CorticostriatalTractL	txy	DSIStudio	/scratch/executivefunction/SLURM_8364170_114/job-8364170-114-sub-20966-ses-1/ds/inputs/data/qsiprep/qsiprep/sub-20966/ses-1/dwi/sub-20966_ses-1_space-ACPC_desc-preproc_dwi.nii.gz	0.0022585599421808	9.865254853246826e-07	0.0001261347422254	0.0	9.88758656017649e-07	2.9603452134097097e-08	0.0001262774166599	4.273620573126669e-06	4.27408522924585e-06	sub-20966	ses-1				space-ACPC			DSIStudio	autotrackgqi
ProjectionBasalGanglia_CorticostriatalTractL	txz	DSIStudio	/scratch/executivefunction/SLURM_8364170_114/job-8364170-114-sub-20966-ses-1/ds/inputs/data/qsiprep/qsiprep/sub-20966/ses-1/dwi/sub-20966_ses-1_space-ACPC_desc-preproc_dwi.nii.gz	0.0022585599421808	-2.412525153785205e-05	0.0001398191437238	-1.5250470823957585e-05	-2.4179863208301733e-05	-1.5596379853377584e-05	0.000139972589723	-3.822480780086172e-05	-3.8228963967097e-05	sub-20966	ses-1				space-ACPC			DSIStudio	autotrackgqi
ProjectionBasalGanglia_CorticostriatalTractL	tyy	DSIStudio	/scratch/executivefunction/SLURM_8364170_114/job-8364170-114-sub-20966-ses-1/ds/inputs/data/qsiprep/qsiprep/sub-20966/ses-1/dwi/sub-20966_ses-1_space-ACPC_desc-preproc_dwi.nii.gz	0.0022585599421808	0.0008847302824797	0.0003768316950262	0.0008184678736142	0.000886733022163	0.0008189348736777	0.0003748968888701	0.000781413124056	0.0007814980872052	sub-20966	ses-1				space-ACPC			DSIStudio	autotrackgqi
ProjectionBasalGanglia_CorticostriatalTractL	tyz	DSIStudio	/scratch/executivefunction/SLURM_8364170_114/job-8364170-114-sub-20966-ses-1/ds/inputs/data/qsiprep/qsiprep/sub-20966/ses-1/dwi/sub-20966_ses-1_space-ACPC_desc-preproc_dwi.nii.gz	0.0022585599421808	1.5552247140920165e-05	0.0001656314480665	2.357934135943651e-06	1.558745233636774e-05	3.015603056155669e-06	0.0001658171550751	2.986423609122625e-05	2.9867483296329223e-05	sub-20966	ses-1				space-ACPC			DSIStudio	autotrackgqi
ProjectionBasalGanglia_CorticostriatalTractL	tzz	DSIStudio	/scratch/executivefunction/SLURM_8364170_114/job-8364170-114-sub-20966-ses-1/ds/inputs/data/qsiprep/qsiprep/sub-20966/ses-1/dwi/sub-20966_ses-1_space-ACPC_desc-preproc_dwi.nii.gz	0.0022585599421808	0.0009114226120115	0.0003415339089872	0.000861502776388	0.0009134857743893	0.0008624561596661	0.0003391530458723	0.0008803749811384	0.0008804707045261	sub-20966	ses-1				space-ACPC			DSIStudio	autotrackgqi
ProjectionBasalGanglia_FasciculusLenticularisR	ad	DSIStudio	/scratch/executivefunction/SLURM_8364170_114/job-8364170-114-sub-20966-ses-1/ds/inputs/data/qsiprep/qsiprep/sub-20966/ses-1/dwi/sub-20966_ses-1_space-ACPC_desc-preproc_dwi.nii.gz	0.0	1.2123199532061448	0.4922266879869647	1.0471006631851196	1.2123199532061448	1.0471006631851196	0.4922266879869647	1.3680462461899825	1.3680462461899825	sub-20966	ses-1				space-ACPC			DSIStudio	autotrackgqi
ProjectionBasalGanglia_FasciculusLenticularisR	dti_fa	DSIStudio	/scratch/executivefunction/SLURM_8364170_114/job-8364170-114-sub-20966-ses-1/ds/inputs/data/qsiprep/qsiprep/sub-20966/ses-1/dwi/sub-20966_ses-1_space-ACPC_desc-preproc_dwi.nii.gz	0.0	0.3079325413446367	0.1020105064166446	0.3006341755390167	0.3079325413446367	0.3006341755390167	0.1020105064166446	0.3300628948657634	0.3300628948657634	sub-20966	ses-1				space-ACPC			DSIStudio	autotrackgqi
ProjectionBasalGanglia_FasciculusLenticularisR	gfa	DSIStudio	/scratch/executivefunction/SLURM_8364170_114/job-8364170-114-sub-20966-ses-1/ds/inputs/data/qsiprep/qsiprep/sub-20966/ses-1/dwi/sub-20966_ses-1_space-ACPC_desc-preproc_dwi.nii.gz	0.0	0.0678554954674141	0.0199604123260962	0.064487025141716	0.0678554954674141	0.064487025141716	0.0199604123260962	0.0783708789982605	0.0783708789982605	sub-20966	ses-1				space-ACPC			DSIStudio	autotrackgqi
ProjectionBasalGanglia_FasciculusLenticularisR	ha	DSIStudio	/scratch/executivefunction/SLURM_8364170_114/job-8364170-114-sub-20966-ses-1/ds/inputs/data/qsiprep/qsiprep/sub-20966/ses-1/dwi/sub-20966_ses-1_space-ACPC_desc-preproc_dwi.nii.gz	0.0	3.824260992106096	39.88651405229229	8.05476188659668	3.824260992106096	8.05476188659668	39.88651405229229	-7.175757414728813	-7.175757414728813	sub-20966	ses-1				space-ACPC			DSIStudio	autotrackgqi
ProjectionBasalGanglia_FasciculusLenticularisR	iso	DSIStudio	/scratch/executivefunction/SLURM_8364170_114/job-8364170-114-sub-20966-ses-1/ds/inputs/data/qsiprep/qsiprep/sub-20966/ses-1/dwi/sub-20966_ses-1_space-ACPC_desc-preproc_dwi.nii.gz	0.0	0.4262488112405494	0.0813095783718044	0.4388173818588257	0.4262488112405494	0.4388173818588257	0.0813095783718044	0.4272068181935122	0.4272068181935122	sub-20966	ses-1				space-ACPC			DSIStudio	autotrackgqi
ProjectionBasalGanglia_FasciculusLenticularisR	md	DSIStudio	/scratch/executivefunction/SLURM_8364170_114/job-8364170-114-sub-20966-ses-1/ds/inputs/data/qsiprep/qsiprep/sub-20966/ses-1/dwi/sub-20966_ses-1_space-ACPC_desc-preproc_dwi.nii.gz	0.0	0.92403571429076	0.4327462040217804	0.7753582000732422	0.92403571429076	0.7753582000732422	0.4327462040217804	1.01366506320548	1.01366506320548	sub-20966	ses-1				space-ACPC			DSIStudio	autotrackgqi
ProjectionBasalGanglia_FasciculusLenticularisR	qa	DSIStudio	/scratch/executivefunction/SLURM_8364170_114/job-8364170-114-sub-20966-ses-1/ds/inputs/data/qsiprep/qsiprep/sub-20966/ses-1/dwi/sub-20966_ses-1_space-ACPC_desc-preproc_dwi.nii.gz	0.0	0.1275228820189281	0.0396070518912567	0.1220577135682106	0.1275228820189281	0.1220577135682106	0.0396070518912567	0.1477887147754972	0.1477887147754972	sub-20966	ses-1				space-ACPC			DSIStudio	autotrackgqi
ProjectionBasalGanglia_FasciculusLenticularisR	rd1	DSIStudio	/scratch/executivefunction/SLURM_8364170_114/job-8364170-114-sub-20966-ses-1/ds/inputs/data/qsiprep/qsiprep/sub-20966/ses-1/dwi/sub-20966_ses-1_space-ACPC_desc-preproc_dwi.nii.gz	0.0	0.886890533529682	0.4316550527006813	0.7530312538146973	0.886890533529682	0.7530312538146973	0.4316550527006813	0.9494998867307796	0.9494998867307796	sub-20966	ses-1				space-ACPC			DSIStudio	autotrackgqi
ProjectionBasalGanglia_FasciculusLenticularisR	rd2	DSIStudio	/scratch/executivefunction/SLURM_8364170_114/job-8364170-114-sub-20966-ses-1/ds/inputs/data/qsiprep/qsiprep/sub-20966/ses-1/dwi/sub-20966_ses-1_space-ACPC_desc-preproc_dwi.nii.gz	0.0	0.672896647931617	0.400146538880916	0.5460200309753418	0.672896647931617	0.5460200309753418	0.400146538880916	0.7234490549145697	0.7234490549145697	sub-20966	ses-1				space-ACPC			DSIStudio	autotrackgqi
ProjectionBasalGanglia_FasciculusLenticularisR	rd	DSIStudio	/scratch/executivefunction/SLURM_8364170_114/job-8364170-114-sub-20966-ses-1/ds/inputs/data/qsiprep/qsiprep/sub-20966/ses-1/dwi/sub-20966_ses-1_space-ACPC_desc-preproc_dwi.nii.gz	0.0	0.7798935910065968	0.4128503883552538	0.6463773250579834	0.7798935910065968	0.6463773250579834	0.4128503883552538	0.8364744749395354	0.8364744749395354	sub-20966	ses-1				space-ACPC			DSIStudio	autotrackgqi
ProjectionBasalGanglia_FasciculusLenticularisR	txx	DSIStudio	/scratch/executivefunction/SLURM_8364170_114/job-8364170-114-sub-20966-ses-1/ds/inputs/data/qsiprep/qsiprep/sub-20966/ses-1/dwi/sub-20966_ses-1_space-ACPC_desc-preproc_dwi.nii.gz	0.0	0.0008414448628397	0.0004373870960771	0.000682147918269	0.0008414448628397	0.000682147918269	0.0004373870960771	0.0008818521921232	0.0008818521921232	sub-20966	ses-1				space-ACPC			DSIStudio	autotrackgqi
ProjectionBasalGanglia_FasciculusLenticularisR	txy	DSIStudio	/scratch/executivefunction/SLURM_8364170_114/job-8364170-114-sub-20966-ses-1/ds/inputs/data/qsiprep/qsiprep/sub-20966/ses-1/dwi/sub-20966_ses-1_space-ACPC_desc-preproc_dwi.nii.gz	0.0	5.5371726459528826e-05	9.18844471907668e-05	5.83053297305014e-05	5.5371726459528826e-05	5.83053297305014e-05	9.18844471907668e-05	5.492980442521356e-05	5.492980442521356e-05	sub-20966	ses-1				space-ACPC			DSIStudio	autotrackgqi
ProjectionBasalGanglia_FasciculusLenticularisR	txz	DSIStudio	/scratch/executivefunction/SLURM_8364170_114/job-8364170-114-sub-20966-ses-1/ds/inputs/data/qsiprep/qsiprep/sub-20966/ses-1/dwi/sub-20966_ses-1_space-ACPC_desc-preproc_dwi.nii.gz	0.0	-2.6307225280341745e-05	0.0001179103101117	-4.979809818905778e-05	-2.6307225280341745e-05	-4.979809818905778e-05	0.0001179103101117	-4.874106091596719e-05	-4.874106091596719e-05	sub-20966	ses-1				space-ACPC			DSIStudio	autotrackgqi
ProjectionBasalGanglia_FasciculusLenticularisR	tyy	DSIStudio	/scratch/executivefunction/SLURM_8364170_114/job-8364170-114-sub-20966-ses-1/ds/inputs/data/qsiprep/qsiprep/sub-20966/ses-1/dwi/sub-20966_ses-1_space-ACPC_desc-preproc_dwi.nii.gz	0.0	0.0009814297626611	0.0004339630492388	0.0008723697974346	0.0009814297626611	0.0008723697974346	0.0004339630492388	0.0010281962755777	0.0010281962755777	sub-20966	ses-1				space-ACPC			DSIStudio	autotrackgqi
ProjectionBasalGanglia_FasciculusLenticularisR	tyz	DSIStudio	/scratch/executivefunction/SLURM_8364170_114/job-8364170-114-sub-20966-ses-1/ds/inputs/data/qsiprep/qsiprep/sub-20966/ses-1/dwi/sub-20966_ses-1_space-ACPC_desc-preproc_dwi.nii.gz	0.0	7.190407696679425e-06	0.0001250226727427	-1.6349978977814317e-05	7.190407696679425e-06	-1.6349978977814317e-05	0.0001250226727427	6.105707625669643e-05	6.105707625669643e-05	sub-20966	ses-1				space-ACPC			DSIStudio	autotrackgqi
ProjectionBasalGanglia_FasciculusLenticularisR	tzz	DSIStudio	/scratch/executivefunction/SLURM_8364170_114/job-8364170-114-sub-20966-ses-1/ds/inputs/data/qsiprep/qsiprep/sub-20966/ses-1/dwi/sub-20966_ses-1_space-ACPC_desc-preproc_dwi.nii.gz	0.0	0.0009492325110728	0.0005121866168707	0.0007811588002368	0.0009492325110728	0.0007811588002368	0.0005121866168707	0.0011309467151274	0.0011309467151274	sub-20966	ses-1				space-ACPC			DSIStudio	autotrackgqi
ProjectionBrainstem_NonDecussatingDentatorubrothalamicTractL	ad	DSIStudio	/scratch/executivefunction/SLURM_8364170_114/job-8364170-114-sub-20966-ses-1/ds/inputs/data/qsiprep/qsiprep/sub-20966/ses-1/dwi/sub-20966_ses-1_space-ACPC_desc-preproc_dwi.nii.gz	0.0	1.169727895096058	0.3630177548975347	1.0966488122940063	1.169727895096058	1.0966488122940063	0.3630177548975347	1.2663730812515273	1.2663730812515273	sub-20966	ses-1				space-ACPC			DSIStudio	autotrackgqi
ProjectionBrainstem_NonDecussatingDentatorubrothalamicTractL	dti_fa	DSIStudio	/scratch/executivefunction/SLURM_8364170_114/job-8364170-114-sub-20966-ses-1/ds/inputs/data/qsiprep/qsiprep/sub-20966/ses-1/dwi/sub-20966_ses-1_space-ACPC_desc-preproc_dwi.nii.gz	0.0	0.4321525895037773	0.1802344400526632	0.435686320066452	0.4321525895037773	0.435686320066452	0.1802344400526632	0.5102220587830566	0.5102220587830566	sub-20966	ses-1				space-ACPC			DSIStudio	autotrackgqi
ProjectionBrainstem_NonDecussatingDentatorubrothalamicTractL	gfa	DSIStudio	/scratch/executivefunction/SLURM_8364170_114/job-8364170-114-sub-20966-ses-1/ds/inputs/data/qsiprep/qsiprep/sub-20966/ses-1/dwi/sub-20966_ses-1_space-ACPC_desc-preproc_dwi.nii.gz	0.0	0.0896980803964645	0.0379660682696558	0.0894364677369594	0.0896980803964645	0.0894364677369594	0.0379660682696558	0.1079216217256607	0.1079216217256607	sub-20966	ses-1				space-ACPC			DSIStudio	autotrackgqi
ProjectionBrainstem_NonDecussatingDentatorubrothalamicTractL	ha	DSIStudio	/scratch/executivefunction/SLURM_8364170_114/job-8364170-114-sub-20966-ses-1/ds/inputs/data/qsiprep/qsiprep/sub-20966/ses-1/dwi/sub-20966_ses-1_space-ACPC_desc-preproc_dwi.nii.gz	0.0	8.859132552245223	55.24627136096408	23.88003921508789	8.859132552245223	23.88003921508789	55.24627136096408	-2.8266793674036093	-2.8266793674036093	sub-20966	ses-1				space-ACPC			DSIStudio	autotrackgqi
ProjectionBrainstem_NonDecussatingDentatorubrothalamicTractL	iso	DSIStudio	/scratch/executivefunction/SLURM_8364170_114/job-8364170-114-sub-20966-ses-1/ds/inputs/data/qsiprep/qsiprep/sub-20966/ses-1/dwi/sub-20966_ses-1_space-ACPC_desc-preproc_dwi.nii.gz	0.0	0.5277595546913121	0.0785804370550562	0.5250689685344696	0.5277595546913121	0.5250689685344696	0.0785804370550562	0.5255017421351567	0.5255017421351567	sub-20966	ses-1				space-ACPC			DSIStudio	autotrackgqi
ProjectionBrainstem_NonDecussatingDentatorubrothalamicTractL	md	DSIStudio	/scratch/executivefunction/SLURM_8364170_114/job-8364170-114-sub-20966-ses-1/ds/inputs/data/qsiprep/qsiprep/sub-20966/ses-1/dwi/sub-20966_ses-1_space-ACPC_desc-preproc_dwi.nii.gz	0.0	0.780234696495884	0.280254669315075	0.7193498909473419	0.780234696495884	0.7193498909473419	0.280254669315075	0.7786477454244307	0.7786477454244307	sub-20966	ses-1				space-ACPC			DSIStudio	autotrackgqi
ProjectionBrainstem_NonDecussatingDentatorubrothalamicTractL	qa	DSIStudio	/scratch/executivefunction/SLURM_8364170_114/job-8364170-114-sub-20966-ses-1/ds/inputs/data/qsiprep/qsiprep/sub-20966/ses-1/dwi/sub-20966_ses-1_space-ACPC_desc-preproc_dwi.nii.gz	0.0	0.2151356362504123	0.1025854094323878	0.2051657438278198	0.2151356362504123	0.2051657438278198	0.1025854094323878	0.2663041983261313	0.2663041983261313	sub-20966	ses-1				space-ACPC			DSIStudio	autotrackgqi
ProjectionBrainstem_NonDecussatingDentatorubrothalamicTractL	rd1	DSIStudio	/scratch/executivefunction/SLURM_8364170_114/job-8364170-114-sub-20966-ses-1/ds/inputs/data/qsiprep/qsiprep/sub-20966/ses-1/dwi/sub-20966_ses-1_space-ACPC_desc-preproc_dwi.nii.gz	0.0	0.6895010443516035	0.2998223174109	0.6463058292865753	0.6895010443516035	0.6463058292865753	0.2998223174109	0.6394427712404427	0.6394427712404427	sub-20966	ses-1				space-ACPC			DSIStudio	autotrackgqi
ProjectionBrainstem_NonDecussatingDentatorubrothalamicTractL	rd2	DSIStudio	/scratch/executivefunction/SLURM_8364170_114/job-8364170-114-sub-20966-ses-1/ds/inputs/data/qsiprep/qsiprep/sub-20966/ses-1/dwi/sub-20966_ses-1_space-ACPC_desc-preproc_dwi.nii.gz	0.0	0.4814751498805381	0.2895529901532467	0.4281040579080581	0.4814751498805381	0.4281040579080581	0.2895529901532467	0.4301273846625396	0.4301273846625396	sub-20966	ses-1				space-ACPC			DSIStudio	autotrackgqi
ProjectionBrainstem_NonDecussatingDentatorubrothalamicTractL	rd	DSIStudio	/scratch/executivefunction/SLURM_8364170_114/job-8364170-114-sub-20966-ses-1/ds/inputs/data/qsiprep/qsiprep/sub-20966/ses-1/dwi/sub-20966_ses-1_space-ACPC_desc-preproc_dwi.nii.gz	0.0	0.5854880976548567	0.2884890029576111	0.5375425517559052	0.5854880976548567	0.5375425517559052	0.2884890029576111	0.5347850784465353	0.5347850784465353	sub-20966	ses-1				space-ACPC			DSIStudio	autotrackgqi
ProjectionBrainstem_NonDecussatingDentatorubrothalamicTractL	txx	DSIStudio	/scratch/executivefunction/SLURM_8364170_114/job-8364170-114-sub-20966-ses-1/ds/inputs/data/qsiprep/qsiprep/sub-20966/ses-1/dwi/sub-20966_ses-1_space-ACPC_desc-preproc_dwi.nii.gz	0.0	0.0006794222959716	0.0003090422836739	0.0006401059508789	0.0006794222959716	0.0006401059508789	0.0003090422836739	0.0006339577455501	0.0006339577455501	sub-20966	ses-1				space-ACPC			DSIStudio	autotrackgqi
ProjectionBrainstem_NonDecussatingDentatorubrothalamicTractL	txy	DSIStudio	/scratch/executivefunction/SLURM_8364170_114/job-8364170-114-sub-20966-ses-1/ds/inputs/data/qsiprep/qsiprep/sub-20966/ses-1/dwi/sub-20966_ses-1_space-ACPC_desc-preproc_dwi.nii.gz	0.0	-5.730403701678458e-06	0.000112230153213	-1.5884330423432402e-05	-5.730403701678458e-06	-1.5884330423432402e-05	0.000112230153213	-4.996244234170351e-06	-4.996244234170351e-06	sub-20966	ses-1				space-ACPC			DSIStudio	autotrackgqi
ProjectionBrainstem_NonDecussatingDentatorubrothalamicTractL	txz	DSIStudio	/scratch/executivefunction/SLURM_8364170_114/job-8364170-114-sub-20966-ses-1/ds/inputs/data/qsiprep/qsiprep/sub-20966/ses-1/dwi/sub-20966_ses-1_space-ACPC_desc-preproc_dwi.nii.gz	0.0	-1.9767642702042972e-05	0.0001724956813832	-3.592322354961652e-05	-1.9767642702042972e-05	-3.592322354961652e-05	0.0001724956813832	2.781930157425645e-05	2.781930157425645e-05	sub-20966	ses-1				space-ACPC			DSIStudio	autotrackgqi
ProjectionBrainstem_NonDecussatingDentatorubrothalamicTractL	tyy	DSIStudio	/scratch/executivefunction/SLURM_8364170_114/job-8364170-114-sub-20966-ses-1/ds/inputs/data/qsiprep/qsiprep/sub-20966/ses-1/dwi/sub-20966_ses-1_space-ACPC_desc-preproc_dwi.nii.gz	0.0	0.000704845911936	0.0003616896320421	0.0006492582033388	0.000704845911936	0.0006492582033388	0.0003616896320421	0.0007074004913352	0.0007074004913352	sub-20966	ses-1				space-ACPC			DSIStudio	autotrackgqi
ProjectionBrainstem_NonDecussatingDentatorubrothalamicTractL	tyz	DSIStudio	/scratch/executivefunction/SLURM_8364170_114/job-8364170-114-sub-20966-ses-1/ds/inputs/data/qsiprep/qsiprep/sub-20966/ses-1/dwi/sub-20966_ses-1_space-ACPC_desc-preproc_dwi.nii.gz	0.0	-4.652275929517509e-06	0.0001907571728898	-8.545664513803786e-06	-4.652275929517509e-06	-8.545664513803786e-06	0.0001907571728898	-6.13014693584465e-05	-6.13014693584465e-05	sub-20966	ses-1				space-ACPC			DSIStudio	autotrackgqi
ProjectionBrainstem_NonDecussatingDentatorubrothalamicTractL	tzz	DSIStudio	/scratch/executivefunction/SLURM_8364170_114/job-8364170-114-sub-20966-ses-1/ds/inputs/data/qsiprep/qsiprep/sub-20966/ses-1/dwi/sub-20966_ses-1_space-ACPC_desc-preproc_dwi.nii.gz	0.0	0.0009564358821207	0.0003508892386076	0.0009150548139587	0.0009564358821207	0.0009150548139587	0.0003508892386076	0.0009945850010251	0.0009945850010251	sub-20966	ses-1				space-ACPC			DSIStudio	autotrackgqi
ProjectionBasalGanglia_AnsaLenticularisR	ad	DSIStudio	/scratch/executivefunction/SLURM_8364170_114/job-8364170-114-sub-20966-ses-1/ds/inputs/data/qsiprep/qsiprep/sub-20966/ses-1/dwi/sub-20966_ses-1_space-ACPC_desc-preproc_dwi.nii.gz	0.0	1.4161610489149066	0.6093303193224391	1.160040259361267	1.4161610489149066	1.160040259361267	0.6093303193224391	1.3963446217618989	1.3963446217618989	sub-20966	ses-1				space-ACPC			DSIStudio	autotrackgqi
ProjectionBasalGanglia_AnsaLenticularisR	dti_fa	DSIStudio	/scratch/executivefunction/SLURM_8364170_114/job-8364170-114-sub-20966-ses-1/ds/inputs/data/qsiprep/qsiprep/sub-20966/ses-1/dwi/sub-20966_ses-1_space-ACPC_desc-preproc_dwi.nii.gz	0.0	0.3030259938354014	0.1227724168534238	0.2909528911113739	0.3030259938354014	0.2909528911113739	0.1227724168534238	0.2945839741041434	0.2945839741041434	sub-20966	ses-1				space-ACPC			DSIStudio	autotrackgqi
ProjectionBasalGanglia_AnsaLenticularisR	gfa	DSIStudio	/scratch/executivefunction/SLURM_8364170_114/job-8364170-114-sub-20966-ses-1/ds/inputs/data/qsiprep/qsiprep/sub-20966/ses-1/dwi/sub-20966_ses-1_space-ACPC_desc-preproc_dwi.nii.gz	0.0	0.0724956287414155	0.0270265714656775	0.0679951198399066	0.0724956287414155	0.0679951198399066	0.0270265714656775	0.0699658245464005	0.0699658245464005	sub-20966	ses-1				space-ACPC			DSIStudio	autotrackgqi
ProjectionBasalGanglia_AnsaLenticularisR	ha	DSIStudio	/scratch/executivefunction/SLURM_8364170_114/job-8364170-114-sub-20966-ses-1/ds/inputs/data/qsiprep/qsiprep/sub-20966/ses-1/dwi/sub-20966_ses-1_space-ACPC_desc-preproc_dwi.nii.gz	0.0	0.2963500659080696	34.58773683677878	-0.5263735949993134	0.2963500659080696	-0.5263735949993134	34.58773683677878	-1.3759361645020576	-1.3759361645020576	sub-20966	ses-1				space-ACPC			DSIStudio	autotrackgqi
ProjectionBasalGanglia_AnsaLenticularisR	iso	DSIStudio	/scratch/executivefunction/SLURM_8364170_114/job-8364170-114-sub-20966-ses-1/ds/inputs/data/qsiprep/qsiprep/sub-20966/ses-1/dwi/sub-20966_ses-1_space-ACPC_desc-preproc_dwi.nii.gz	0.0	0.4206604060645287	0.0962912957990052	0.4387926310300827	0.4206604060645287	0.4387926310300827	0.0962912957990052	0.443882432407237	0.443882432407237	sub-20966	ses-1				space-ACPC			DSIStudio	autotrackgqi
ProjectionBasalGanglia_AnsaLenticularisR	md	DSIStudio	/scratch/executivefunction/SLURM_8364170_114/job-8364170-114-sub-20966-ses-1/ds/inputs/data/qsiprep/qsiprep/sub-20966/ses-1/dwi/sub-20966_ses-1_space-ACPC_desc-preproc_dwi.nii.gz	0.0	1.0846176431376553	0.5331610572907485	0.8407742977142334	1.0846176431376553	0.8407742977142334	0.5331610572907485	1.0829909781613072	1.0829909781613072	sub-20966	ses-1				space-ACPC			DSIStudio	autotrackgqi
ProjectionBasalGanglia_AnsaLenticularisR	qa	DSIStudio	/scratch/executivefunction/SLURM_8364170_114/job-8364170-114-sub-20966-ses-1/ds/inputs/data/qsiprep/qsiprep/sub-20966/ses-1/dwi/sub-20966_ses-1_space-ACPC_desc-preproc_dwi.nii.gz	0.0	0.1342427571091977	0.0557786683093139	0.1283488571643829	0.1342427571091977	0.1283488571643829	0.0557786683093139	0.1354593409427056	0.1354593409427056	sub-20966	ses-1				space-ACPC			DSIStudio	autotrackgqi
ProjectionBasalGanglia_AnsaLenticularisR	rd1	DSIStudio	/scratch/executivefunction/SLURM_8364170_114/job-8364170-114-sub-20966-ses-1/ds/inputs/data/qsiprep/qsiprep/sub-20966/ses-1/dwi/sub-20966_ses-1_space-ACPC_desc-preproc_dwi.nii.gz	0.0	1.0262763706978255	0.5295681535824781	0.8115949332714081	1.0262763706978255	0.8115949332714081	0.5295681535824781	1.0368665698535	1.0368665698535	sub-20966	ses-1				space-ACPC			DSIStudio	autotrackgqi
ProjectionBasalGanglia_AnsaLenticularisR	rd2	DSIStudio	/scratch/executivefunction/SLURM_8364170_114/job-8364170-114-sub-20966-ses-1/ds/inputs/data/qsiprep/qsiprep/sub-20966/ses-1/dwi/sub-20966_ses-1_space-ACPC_desc-preproc_dwi.nii.gz	0.0	0.8114155045815209	0.5014958308286905	0.6158018112182617	0.8114155045815209	0.6158018112182617	0.5014958308286905	0.8157617428168304	0.8157617428168304	sub-20966	ses-1				space-ACPC			DSIStudio	autotrackgqi
ProjectionBasalGanglia_AnsaLenticularisR	rd	DSIStudio	/scratch/executivefunction/SLURM_8364170_114/job-8364170-114-sub-20966-ses-1/ds/inputs/data/qsiprep/qsiprep/sub-20966/ses-1/dwi/sub-20966_ses-1_space-ACPC_desc-preproc_dwi.nii.gz	0.0	0.9188459367882572	0.5126322785533739	0.704405277967453	0.9188459367882572	0.704405277967453	0.5126322785533739	0.9263141549681916	0.9263141549681916	sub-20966	ses-1				space-ACPC			DSIStudio	autotrackgqi
ProjectionBasalGanglia_AnsaLenticularisR	txx	DSIStudio	/scratch/executivefunction/SLURM_8364170_114/job-8364170-114-sub-20966-ses-1/ds/inputs/data/qsiprep/qsiprep/sub-20966/ses-1/dwi/sub-20966_ses-1_space-ACPC_desc-preproc_dwi.nii.gz	0.0	0.0009882906706049	0.0005067570594094	0.000823008158477	0.0009882906706049	0.000823008158477	0.0005067570594094	0.0009328832804379	0.0009328832804379	sub-20966	ses-1				space-ACPC			DSIStudio	autotrackgqi
ProjectionBasalGanglia_AnsaLenticularisR	txy	DSIStudio	/scratch/executivefunction/SLURM_8364170_114/job-8364170-114-sub-20966-ses-1/ds/inputs/data/qsiprep/qsiprep/sub-20966/ses-1/dwi/sub-20966_ses-1_space-ACPC_desc-preproc_dwi.nii.gz	0.0	-7.419353706459218e-06	0.0001237447084571	7.090241069818148e-06	-7.419353706459218e-06	7.090241069818148e-06	0.0001237447084571	1.0839614433688423e-05	1.0839614433688423e-05	sub-20966	ses-1				space-ACPC			DSIStudio	autotrackgqi
ProjectionBasalGanglia_AnsaLenticularisR	txz	DSIStudio	/scratch/executivefunction/SLURM_8364170_114/job-8364170-114-sub-20966-ses-1/ds/inputs/data/qsiprep/qsiprep/sub-20966/ses-1/dwi/sub-20966_ses-1_space-ACPC_desc-preproc_dwi.nii.gz	0.0	-1.965747023794393e-05	0.0001100923409578	-2.334880809939932e-05	-1.965747023794393e-05	-2.334880809939932e-05	0.0001100923409578	-7.947726658875992e-06	-7.947726658875992e-06	sub-20966	ses-1				space-ACPC			DSIStudio	autotrackgqi
ProjectionBasalGanglia_AnsaLenticularisR	tyy	DSIStudio	/scratch/executivefunction/SLURM_8364170_114/job-8364170-114-sub-20966-ses-1/ds/inputs/data/qsiprep/qsiprep/sub-20966/ses-1/dwi/sub-20966_ses-1_space-ACPC_desc-preproc_dwi.nii.gz	0.0	0.0012015435504239	0.0006009029966024	0.0009819332626648	0.0012015435504239	0.0009819332626648	0.0006009029966024	0.0012230654796729	0.0012230654796729	sub-20966	ses-1				space-ACPC			DSIStudio	autotrackgqi
ProjectionBasalGanglia_AnsaLenticularisR	tyz	DSIStudio	/scratch/executivefunction/SLURM_8364170_114/job-8364170-114-sub-20966-ses-1/ds/inputs/data/qsiprep/qsiprep/sub-20966/ses-1/dwi/sub-20966_ses-1_space-ACPC_desc-preproc_dwi.nii.gz	0.0	-1.6350117294985315e-06	0.0001561573243308	-5.2748639518540585e-06	-1.6350117294985315e-06	-5.2748639518540585e-06	0.0001561573243308	2.8372073521439013e-06	2.8372073521439013e-06	sub-20966	ses-1				space-ACPC			DSIStudio	autotrackgqi
ProjectionBasalGanglia_AnsaLenticularisR	tzz	DSIStudio	/scratch/executivefunction/SLURM_8364170_114/job-8364170-114-sub-20966-ses-1/ds/inputs/data/qsiprep/qsiprep/sub-20966/ses-1/dwi/sub-20966_ses-1_space-ACPC_desc-preproc_dwi.nii.gz	0.0	0.0010640187047855	0.0005877086366597	0.0008414255862589	0.0010640187047855	0.0008414255862589	0.0005877086366597	0.0010930241753385	0.0010930241753385	sub-20966	ses-1				space-ACPC			DSIStudio	autotrackgqi
ProjectionBasalGanglia_OpticRadiationR	ad	DSIStudio	/scratch/executivefunction/SLURM_8364170_114/job-8364170-114-sub-20966-ses-1/ds/inputs/data/qsiprep/qsiprep/sub-20966/ses-1/dwi/sub-20966_ses-1_space-ACPC_desc-preproc_dwi.nii.gz	0.0006756756756756	1.372550314987028	0.451502663553847	1.286937654018402	1.3734783408930369	1.287495255470276	0.4502420065660929	1.3198883180061456	1.3199209670093683	sub-20966	ses-1				space-ACPC			DSIStudio	autotrackgqi
ProjectionBasalGanglia_OpticRadiationR	dti_fa	DSIStudio	/scratch/executivefunction/SLURM_8364170_114/job-8364170-114-sub-20966-ses-1/ds/inputs/data/qsiprep/qsiprep/sub-20966/ses-1/dwi/sub-20966_ses-1_space-ACPC_desc-preproc_dwi.nii.gz	0.0006756756756756	0.4494085007548533	0.1956484905488349	0.4560384601354599	0.4497123604578654	0.4561991095542907	0.1953652057424796	0.5068407217094025	0.5068532588978774	sub-20966	ses-1				space-ACPC			DSIStudio	autotrackgqi
ProjectionBasalGanglia_OpticRadiationR	gfa	DSIStudio	/scratch/executivefunction/SLURM_8364170_114/job-8364170-114-sub-20966-ses-1/ds/inputs/data/qsiprep/qsiprep/sub-20966/ses-1/dwi/sub-20966_ses-1_space-ACPC_desc-preproc_dwi.nii.gz	0.0006756756756756	0.0991368597417415	0.0415089544881637	0.098522238433361	0.0992038893967393	0.0985268205404281	0.041442836196704	0.1109109081727112	0.1109136516801006	sub-20966	ses-1				space-ACPC			DSIStudio	autotrackgqi
ProjectionBasalGanglia_OpticRadiationR	ha	DSIStudio	/scratch/executivefunction/SLURM_8364170_114/job-8364170-114-sub-20966-ses-1/ds/inputs/data/qsiprep/qsiprep/sub-20966/ses-1/dwi/sub-20966_ses-1_space-ACPC_desc-preproc_dwi.nii.gz	0.0006756756756756	-9.5877830366453	32.15585650861733	-9.07976531982422	-9.59426564857001	-9.080034255981444	32.16575869346725	-11.64443260569882	-11.64472063433137	sub-20966	ses-1				space-ACPC			DSIStudio	autotrackgqi
ProjectionBasalGanglia_OpticRadiationR	iso	DSIStudio	/scratch/executivefunction/SLURM_8364170_114/job-8364170-114-sub-20966-ses-1/ds/inputs/data/qsiprep/qsiprep/sub-20966/ses-1/dwi/sub-20966_ses-1_space-ACPC_desc-preproc_dwi.nii.gz	0.0006756756756756	0.4858766665002583	0.1478650425834533	0.4754768908023834	0.4862051835161475	0.4755729138851166	0.1473741061094206	0.4854371166979897	0.4854491243156111	sub-20966	ses-1				space-ACPC			DSIStudio	autotrackgqi
ProjectionBasalGanglia_OpticRadiationR	md	DSIStudio	/scratch/executivefunction/SLURM_8364170_114/job-8364170-114-sub-20966-ses-1/ds/inputs/data/qsiprep/qsiprep/sub-20966/ses-1/dwi/sub-20966_ses-1_space-ACPC_desc-preproc_dwi.nii.gz	0.0006756756756756	0.9167841092154786	0.3986448599025933	0.7707626223564148	0.9174039767673484	0.7707917094230652	0.3980659553533048	0.8256125033494577	0.825632925764782	sub-20966	ses-1				space-ACPC			DSIStudio	autotrackgqi
ProjectionBasalGanglia_OpticRadiationR	qa	DSIStudio	/scratch/executivefunction/SLURM_8364170_114/job-8364170-114-sub-20966-ses-1/ds/inputs/data/qsiprep/qsiprep/sub-20966/ses-1/dwi/sub-20966_ses-1_space-ACPC_desc-preproc_dwi.nii.gz	0.0006756756756756	0.2208959984838509	0.1038037648605339	0.2279219627380371	0.2210453534523998	0.2281196415424347	0.1036797610682189	0.2485360747628407	0.2485422225610255	sub-20966	ses-1				space-ACPC			DSIStudio	autotrackgqi
ProjectionBasalGanglia_OpticRadiationR	rd1	DSIStudio	/scratch/executivefunction/SLURM_8364170_114/job-8364170-114-sub-20966-ses-1/ds/inputs/data/qsiprep/qsiprep/sub-20966/ses-1/dwi/sub-20966_ses-1_space-ACPC_desc-preproc_dwi.nii.gz	0.0006756756756756	0.8056335627529266	0.4422251690280531	0.6788006126880646	0.806178277805498	0.6788152456283569	0.4418780253090257	0.6909443803796265	0.6909614714739494	sub-20966	ses-1				space-ACPC			DSIStudio	autotrackgqi
ProjectionBasalGanglia_OpticRadiationR	rd2	DSIStudio	/scratch/executivefunction/SLURM_8364170_114/job-8364170-114-sub-20966-ses-1/ds/inputs/data/qsiprep/qsiprep/sub-20966/ses-1/dwi/sub-20966_ses-1_space-ACPC_desc-preproc_dwi.nii.gz	0.0006756756756756	0.5721684562143039	0.4017687407616925	0.4407204091548919	0.5725553179155982	0.4407212436199188	0.4016288851292225	0.4660048129554794	0.4660163401039383	sub-20966	ses-1				space-ACPC			DSIStudio	autotrackgqi
ProjectionBasalGanglia_OpticRadiationR	rd	DSIStudio	/scratch/executivefunction/SLURM_8364170_114/job-8364170-114-sub-20966-ses-1/ds/inputs/data/qsiprep/qsiprep/sub-20966/ses-1/dwi/sub-20966_ses-1_space-ACPC_desc-preproc_dwi.nii.gz	0.0006756756756756	0.6889010096119867	0.4160269414245022	0.5514144599437714	0.6893667979890064	0.5516647100448608	0.4157816024007352	0.5784745963527865	0.5784889054741696	sub-20966	ses-1				space-ACPC			DSIStudio	autotrackgqi
ProjectionBasalGanglia_OpticRadiationR	txx	DSIStudio	/scratch/executivefunction/SLURM_8364170_114/job-8364170-114-sub-20966-ses-1/ds/inputs/data/qsiprep/qsiprep/sub-20966/ses-1/dwi/sub-20966_ses-1_space-ACPC_desc-preproc_dwi.nii.gz	0.0006756756756756	0.0008066992377575	0.0004459214317641	0.0006967538502067	0.0008072446733476	0.0006969785317778	0.0004455783539709	0.0006975019614434	0.0006975192147951	sub-20966	ses-1				space-ACPC			DSIStudio	autotrackgqi
ProjectionBasalGanglia_OpticRadiationR	txy	DSIStudio	/scratch/executivefunction/SLURM_8364170_114/job-8364170-114-sub-20966-ses-1/ds/inputs/data/qsiprep/qsiprep/sub-20966/ses-1/dwi/sub-20966_ses-1_space-ACPC_desc-preproc_dwi.nii.gz	0.0006756756756756	9.809834626406809e-05	0.000172265118068	8.762610741541721e-05	9.816467374632912e-05	8.791428990662098e-05	0.00017230445236	0.0001407331110586	0.0001407365925837	sub-20966	ses-1				space-ACPC			DSIStudio	autotrackgqi
ProjectionBasalGanglia_OpticRadiationR	txz	DSIStudio	/scratch/executivefunction/SLURM_8364170_114/job-8364170-114-sub-20966-ses-1/ds/inputs/data/qsiprep/qsiprep/sub-20966/ses-1/dwi/sub-20966_ses-1_space-ACPC_desc-preproc_dwi.nii.gz	0.0006756756756756	4.065354451089864e-05	0.000146821825728	3.4922073609777726e-05	4.068103169447599e-05	3.498447404126637e-05	0.0001468676460431	6.436820894726245e-05	6.436980134156092e-05	sub-20966	ses-1				space-ACPC			DSIStudio	autotrackgqi
ProjectionBasalGanglia_OpticRadiationR	tyy	DSIStudio	/scratch/executivefunction/SLURM_8364170_114/job-8364170-114-sub-20966-ses-1/ds/inputs/data/qsiprep/qsiprep/sub-20966/ses-1/dwi/sub-20966_ses-1_space-ACPC_desc-preproc_dwi.nii.gz	0.0006756756756756	0.0011115831667101	0.000482711375489	0.001041228941176	0.00111233474424	0.0010412904666736	0.000482008103718	0.0010618465922704	0.0010618728586116	sub-20966	ses-1				space-ACPC			DSIStudio	autotrackgqi
ProjectionBasalGanglia_OpticRadiationR	tyz	DSIStudio	/scratch/executivefunction/SLURM_8364170_114/job-8364170-114-sub-20966-ses-1/ds/inputs/data/qsiprep/qsiprep/sub-20966/ses-1/dwi/sub-20966_ses-1_space-ACPC_desc-preproc_dwi.nii.gz	0.0006756756756756	6.868729678821263e-05	0.0001905964634891	6.377194222295657e-05	6.873373850341765e-05	6.411517097149044e-05	0.0001906525154726	0.0001038420876494	0.0001038446562627	sub-20966	ses-1				space-ACPC			DSIStudio	autotrackgqi
ProjectionBasalGanglia_OpticRadiationR	tzz	DSIStudio	/scratch/executivefunction/SLURM_8364170_114/job-8364170-114-sub-20966-ses-1/ds/inputs/data/qsiprep/qsiprep/sub-20966/ses-1/dwi/sub-20966_ses-1_space-ACPC_desc-preproc_dwi.nii.gz	0.0006756756756756	0.0008320699264004	0.0004510757321809	0.0007577661017421	0.0008326325159382	0.0007579238153994	0.0004507088395429	0.0007174889555117	0.0007175067030646	sub-20966	ses-1				space-ACPC			DSIStudio	autotrackgqi
ProjectionBasalGanglia_FornixL	ad	DSIStudio	/scratch/executivefunction/SLURM_8364170_114/job-8364170-114-sub-20966-ses-1/ds/inputs/data/qsiprep/qsiprep/sub-20966/ses-1/dwi/sub-20966_ses-1_space-ACPC_desc-preproc_dwi.nii.gz	0.0	1.5838731790500424	0.6909880425757964	1.3462603092193604	1.5838731790500424	1.3462603092193604	0.6909880425757964	1.5748815103862457	1.5748815103862457	sub-20966	ses-1				space-ACPC			DSIStudio	autotrackgqi
ProjectionBasalGanglia_FornixL	dti_fa	DSIStudio	/scratch/executivefunction/SLURM_8364170_114/job-8364170-114-sub-20966-ses-1/ds/inputs/data/qsiprep/qsiprep/sub-20966/ses-1/dwi/sub-20966_ses-1_space-ACPC_desc-preproc_dwi.nii.gz	0.0	0.2964708859637111	0.1477114288658778	0.2854993194341659	0.2964708859637111	0.2854993194341659	0.1477114288658778	0.334137765009468	0.334137765009468	sub-20966	ses-1				space-ACPC			DSIStudio	autotrackgqi
ProjectionBasalGanglia_FornixL	gfa	DSIStudio	/scratch/executivefunction/SLURM_8364170_114/job-8364170-114-sub-20966-ses-1/ds/inputs/data/qsiprep/qsiprep/sub-20966/ses-1/dwi/sub-20966_ses-1_space-ACPC_desc-preproc_dwi.nii.gz	0.0	0.0770513316633171	0.0372385884826195	0.0714883357286453	0.0770513316633171	0.0714883357286453	0.0372385884826195	0.0887921950307584	0.0887921950307584	sub-20966	ses-1				space-ACPC			DSIStudio	autotrackgqi
ProjectionBasalGanglia_FornixL	ha	DSIStudio	/scratch/executivefunction/SLURM_8364170_114/job-8364170-114-sub-20966-ses-1/ds/inputs/data/qsiprep/qsiprep/sub-20966/ses-1/dwi/sub-20966_ses-1_space-ACPC_desc-preproc_dwi.nii.gz	0.0	9.241982103896508	36.87834355435908	13.20108699798584	9.241982103896508	13.20108699798584	36.87834355435908	10.5901771954107	10.5901771954107	sub-20966	ses-1				space-ACPC			DSIStudio	autotrackgqi
ProjectionBasalGanglia_FornixL	iso	DSIStudio	/scratch/executivefunction/SLURM_8364170_114/job-8364170-114-sub-20966-ses-1/ds/inputs/data/qsiprep/qsiprep/sub-20966/ses-1/dwi/sub-20966_ses-1_space-ACPC_desc-preproc_dwi.nii.gz	0.0	0.4379076878281905	0.1153235200749165	0.4410008192062378	0.4379076878281905	0.4410008192062378	0.1153235200749165	0.4484086714836104	0.4484086714836104	sub-20966	ses-1				space-ACPC			DSIStudio	autotrackgqi
ProjectionBasalGanglia_FornixL	md	DSIStudio	/scratch/executivefunction/SLURM_8364170_114/job-8364170-114-sub-20966-ses-1/ds/inputs/data/qsiprep/qsiprep/sub-20966/ses-1/dwi/sub-20966_ses-1_space-ACPC_desc-preproc_dwi.nii.gz	0.0	1.213553551076234	0.6101445375614375	0.9757371246814728	1.213553551076234	0.9757371246814728	0.6101445375614375	1.1380402230724744	1.1380402230724744	sub-20966	ses-1				space-ACPC			DSIStudio	autotrackgqi
ProjectionBasalGanglia_FornixL	qa	DSIStudio	/scratch/executivefunction/SLURM_8364170_114/job-8364170-114-sub-20966-ses-1/ds/inputs/data/qsiprep/qsiprep/sub-20966/ses-1/dwi/sub-20966_ses-1_space-ACPC_desc-preproc_dwi.nii.gz	0.0	0.1481724468561104	0.07499968022627	0.1383793354034423	0.1481724468561104	0.1383793354034423	0.07499968022627	0.174192799132579	0.174192799132579	sub-20966	ses-1				space-ACPC			DSIStudio	autotrackgqi
ProjectionBasalGanglia_FornixL	rd1	DSIStudio	/scratch/executivefunction/SLURM_8364170_114/job-8364170-114-sub-20966-ses-1/ds/inputs/data/qsiprep/qsiprep/sub-20966/ses-1/dwi/sub-20966_ses-1_space-ACPC_desc-preproc_dwi.nii.gz	0.0	1.1249479183751243	0.6086441207878865	0.8911618888378143	1.1249479183751243	0.8911618888378143	0.6086441207878865	1.0090065899673335	1.0090065899673335	sub-20966	ses-1				space-ACPC			DSIStudio	autotrackgqi
ProjectionBasalGanglia_FornixL	rd2	DSIStudio	/scratch/executivefunction/SLURM_8364170_114/job-8364170-114-sub-20966-ses-1/ds/inputs/data/qsiprep/qsiprep/sub-20966/ses-1/dwi/sub-20966_ses-1_space-ACPC_desc-preproc_dwi.nii.gz	0.0	0.931839551832499	0.5880793734148595	0.7295747697353363	0.931839551832499	0.7295747697353363	0.5880793734148595	0.8302325630282104	0.8302325630282104	sub-20966	ses-1				space-ACPC			DSIStudio	autotrackgqi
ProjectionBasalGanglia_FornixL	rd	DSIStudio	/scratch/executivefunction/SLURM_8364170_114/job-8364170-114-sub-20966-ses-1/ds/inputs/data/qsiprep/qsiprep/sub-20966/ses-1/dwi/sub-20966_ses-1_space-ACPC_desc-preproc_dwi.nii.gz	0.0	1.0283937342073963	0.5960317299938446	0.8058717250823975	1.0283937342073963	0.8058717250823975	0.5960317299938446	0.9196195732201304	0.9196195732201304	sub-20966	ses-1				space-ACPC			DSIStudio	autotrackgqi
ProjectionBasalGanglia_FornixL	txx	DSIStudio	/scratch/executivefunction/SLURM_8364170_114/job-8364170-114-sub-20966-ses-1/ds/inputs/data/qsiprep/qsiprep/sub-20966/ses-1/dwi/sub-20966_ses-1_space-ACPC_desc-preproc_dwi.nii.gz	0.0	0.0011665325895363	0.0006482733095556	0.0009351387561764	0.0011665325895363	0.0009351387561764	0.0006482733095556	0.0010435198200021	0.0010435198200021	sub-20966	ses-1				space-ACPC			DSIStudio	autotrackgqi
ProjectionBasalGanglia_FornixL	txy	DSIStudio	/scratch/executivefunction/SLURM_8364170_114/job-8364170-114-sub-20966-ses-1/ds/inputs/data/qsiprep/qsiprep/sub-20966/ses-1/dwi/sub-20966_ses-1_space-ACPC_desc-preproc_dwi.nii.gz	0.0	4.852626212511797e-05	0.0001653492751754	1.636560591578018e-05	4.852626212511797e-05	1.636560591578018e-05	0.0001653492751754	8.510718677801525e-05	8.510718677801525e-05	sub-20966	ses-1				space-ACPC			DSIStudio	autotrackgqi
ProjectionBasalGanglia_FornixL	txz	DSIStudio	/scratch/executivefunction/SLURM_8364170_114/job-8364170-114-sub-20966-ses-1/ds/inputs/data/qsiprep/qsiprep/sub-20966/ses-1/dwi/sub-20966_ses-1_space-ACPC_desc-preproc_dwi.nii.gz	0.0	-3.432742490580827e-05	0.0001351187592793	-1.0921168723143635e-05	-3.432742490580827e-05	-1.0921168723143635e-05	0.0001351187592793	-3.2530169500131855e-05	-3.2530169500131855e-05	sub-20966	ses-1				space-ACPC			DSIStudio	autotrackgqi
ProjectionBasalGanglia_FornixL	tyy	DSIStudio	/scratch/executivefunction/SLURM_8364170_114/job-8364170-114-sub-20966-ses-1/ds/inputs/data/qsiprep/qsiprep/sub-20966/ses-1/dwi/sub-20966_ses-1_space-ACPC_desc-preproc_dwi.nii.gz	0.0	0.0012825816816327	0.0006681255831869	0.0010354662663303	0.0012825816816327	0.0010354662663303	0.0006681255831869	0.0012742078054016	0.0012742078054016	sub-20966	ses-1				space-ACPC			DSIStudio	autotrackgqi
ProjectionBasalGanglia_FornixL	tyz	DSIStudio	/scratch/executivefunction/SLURM_8364170_114/job-8364170-114-sub-20966-ses-1/ds/inputs/data/qsiprep/qsiprep/sub-20966/ses-1/dwi/sub-20966_ses-1_space-ACPC_desc-preproc_dwi.nii.gz	0.0	2.9762401290156504e-05	0.0001889925742882	2.4007401407288853e-05	2.9762401290156504e-05	2.4007401407288853e-05	0.0001889925742882	-4.8687156487360535e-06	-4.8687156487360535e-06	sub-20966	ses-1				space-ACPC			DSIStudio	autotrackgqi
ProjectionBasalGanglia_FornixL	tzz	DSIStudio	/scratch/executivefunction/SLURM_8364170_114/job-8364170-114-sub-20966-ses-1/ds/inputs/data/qsiprep/qsiprep/sub-20966/ses-1/dwi/sub-20966_ses-1_space-ACPC_desc-preproc_dwi.nii.gz	0.0	0.0011915463774743	0.0006103444529208	0.0009978485759347	0.0011915463774743	0.0009978485759347	0.0006103444529208	0.0010963930389034	0.0010963930389034	sub-20966	ses-1				space-ACPC			DSIStudio	autotrackgqi
ProjectionBrainstem_MedialLemniscusL	ad	DSIStudio	/scratch/executivefunction/SLURM_8364170_114/job-8364170-114-sub-20966-ses-1/ds/inputs/data/qsiprep/qsiprep/sub-20966/ses-1/dwi/sub-20966_ses-1_space-ACPC_desc-preproc_dwi.nii.gz	0.0	1.303061336914753	0.4930188701092865	1.2017347812652588	1.303061336914753	1.2017347812652588	0.4930188701092865	1.3250256052045817	1.3250257216238828	sub-20966	ses-1				space-ACPC			DSIStudio	autotrackgqi
ProjectionBrainstem_MedialLemniscusL	dti_fa	DSIStudio	/scratch/executivefunction/SLURM_8364170_114/job-8364170-114-sub-20966-ses-1/ds/inputs/data/qsiprep/qsiprep/sub-20966/ses-1/dwi/sub-20966_ses-1_space-ACPC_desc-preproc_dwi.nii.gz	0.0	0.4519172207556834	0.1725852764838263	0.4691327810287475	0.4519172207556834	0.4691327810287475	0.1725852764838263	0.495783428302454	0.4957834719448821	sub-20966	ses-1				space-ACPC			DSIStudio	autotrackgqi
ProjectionBrainstem_MedialLemniscusL	gfa	DSIStudio	/scratch/executivefunction/SLURM_8364170_114/job-8364170-114-sub-20966-ses-1/ds/inputs/data/qsiprep/qsiprep/sub-20966/ses-1/dwi/sub-20966_ses-1_space-ACPC_desc-preproc_dwi.nii.gz	0.0	0.0973023192845515	0.0337701484455759	0.0982635244727134	0.0973023192845515	0.0982635244727134	0.0337701484455759	0.1082428394722144	0.108242848999445	sub-20966	ses-1				space-ACPC			DSIStudio	autotrackgqi
ProjectionBrainstem_MedialLemniscusL	ha	DSIStudio	/scratch/executivefunction/SLURM_8364170_114/job-8364170-114-sub-20966-ses-1/ds/inputs/data/qsiprep/qsiprep/sub-20966/ses-1/dwi/sub-20966_ses-1_space-ACPC_desc-preproc_dwi.nii.gz	0.0	7.63325088127104	59.438775200084216	36.09015274047852	7.63325088127104	36.09015274047852	59.438775200084216	5.229641940068333	5.229642416445728	sub-20966	ses-1				space-ACPC			DSIStudio	autotrackgqi
ProjectionBrainstem_MedialLemniscusL	iso	DSIStudio	/scratch/executivefunction/SLURM_8364170_114/job-8364170-114-sub-20966-ses-1/ds/inputs/data/qsiprep/qsiprep/sub-20966/ses-1/dwi/sub-20966_ses-1_space-ACPC_desc-preproc_dwi.nii.gz	0.0	0.4984740770825089	0.0784644914612394	0.5118868947029114	0.4984740770825089	0.5118868947029114	0.0784644914612394	0.511052644600289	0.5110526896263061	sub-20966	ses-1				space-ACPC			DSIStudio	autotrackgqi
ProjectionBrainstem_MedialLemniscusL	md	DSIStudio	/scratch/executivefunction/SLURM_8364170_114/job-8364170-114-sub-20966-ses-1/ds/inputs/data/qsiprep/qsiprep/sub-20966/ses-1/dwi/sub-20966_ses-1_space-ACPC_desc-preproc_dwi.nii.gz	0.0	0.8694588081309981	0.4487838929116828	0.7439290881156921	0.8694588081309981	0.7439290881156921	0.4487838929116828	0.8428122914512339	0.842812365416205	sub-20966	ses-1				space-ACPC			DSIStudio	autotrackgqi
ProjectionBrainstem_MedialLemniscusL	qa	DSIStudio	/scratch/executivefunction/SLURM_8364170_114/job-8364170-114-sub-20966-ses-1/ds/inputs/data/qsiprep/qsiprep/sub-20966/ses-1/dwi/sub-20966_ses-1_space-ACPC_desc-preproc_dwi.nii.gz	0.0	0.2293826426697942	0.0986772759337848	0.2304934710264206	0.2293826426697942	0.2304934710264206	0.0986772759337848	0.2606090943510201	0.2606091173334891	sub-20966	ses-1				space-ACPC			DSIStudio	autotrackgqi
ProjectionBrainstem_MedialLemniscusL	rd1	DSIStudio	/scratch/executivefunction/SLURM_8364170_114/job-8364170-114-sub-20966-ses-1/ds/inputs/data/qsiprep/qsiprep/sub-20966/ses-1/dwi/sub-20966_ses-1_space-ACPC_desc-preproc_dwi.nii.gz	0.0	0.7589829742334173	0.4653324166601735	0.6465503573417664	0.7589829742334173	0.6465503573417664	0.4653324166601735	0.7083194813454693	0.7083195433903207	sub-20966	ses-1				space-ACPC			DSIStudio	autotrackgqi
ProjectionBrainstem_MedialLemniscusL	rd2	DSIStudio	/scratch/executivefunction/SLURM_8364170_114/job-8364170-114-sub-20966-ses-1/ds/inputs/data/qsiprep/qsiprep/sub-20966/ses-1/dwi/sub-20966_ses-1_space-ACPC_desc-preproc_dwi.nii.gz	0.0	0.5463321104912371	0.4490235004131242	0.4298691153526306	0.5463321104912371	0.4298691153526306	0.4490235004131242	0.4950917868683421	0.4950918302991021	sub-20966	ses-1				space-ACPC			DSIStudio	autotrackgqi
ProjectionBrainstem_MedialLemniscusL	rd	DSIStudio	/scratch/executivefunction/SLURM_8364170_114/job-8364170-114-sub-20966-ses-1/ds/inputs/data/qsiprep/qsiprep/sub-20966/ses-1/dwi/sub-20966_ses-1_space-ACPC_desc-preproc_dwi.nii.gz	0.0	0.6526575429802177	0.4530952888414127	0.5377922058105469	0.6526575429802177	0.5377922058105469	0.4530952888414127	0.6017056366984899	0.6017056894362958	sub-20966	ses-1				space-ACPC			DSIStudio	autotrackgqi
ProjectionBrainstem_MedialLemniscusL	txx	DSIStudio	/scratch/executivefunction/SLURM_8364170_114/job-8364170-114-sub-20966-ses-1/ds/inputs/data/qsiprep/qsiprep/sub-20966/ses-1/dwi/sub-20966_ses-1_space-ACPC_desc-preproc_dwi.nii.gz	0.0	0.0007316413124704	0.0004680187779171	0.000620117294602	0.0007316413124704	0.000620117294602	0.0004680187779171	0.0006857084690827	0.000685708529331	sub-20966	ses-1				space-ACPC			DSIStudio	autotrackgqi
ProjectionBrainstem_MedialLemniscusL	txy	DSIStudio	/scratch/executivefunction/SLURM_8364170_114/job-8364170-114-sub-20966-ses-1/ds/inputs/data/qsiprep/qsiprep/sub-20966/ses-1/dwi/sub-20966_ses-1_space-ACPC_desc-preproc_dwi.nii.gz	0.0	-2.2154752455491363e-05	9.321207711347042e-05	-2.638375553942751e-05	-2.2154752455491363e-05	-2.638375553942751e-05	9.321207711347042e-05	-4.23700605103133e-05	-4.23700640912778e-05	sub-20966	ses-1				space-ACPC			DSIStudio	autotrackgqi
ProjectionBrainstem_MedialLemniscusL	txz	DSIStudio	/scratch/executivefunction/SLURM_8364170_114/job-8364170-114-sub-20966-ses-1/ds/inputs/data/qsiprep/qsiprep/sub-20966/ses-1/dwi/sub-20966_ses-1_space-ACPC_desc-preproc_dwi.nii.gz	0.0	4.877094107676729e-05	0.0001635781549385	4.4238066038815305e-05	4.877094107676729e-05	4.4238066038815305e-05	0.0001635781549385	7.884252285589855e-05	7.884252962478584e-05	sub-20966	ses-1				space-ACPC			DSIStudio	autotrackgqi
ProjectionBrainstem_MedialLemniscusL	tyy	DSIStudio	/scratch/executivefunction/SLURM_8364170_114/job-8364170-114-sub-20966-ses-1/ds/inputs/data/qsiprep/qsiprep/sub-20966/ses-1/dwi/sub-20966_ses-1_space-ACPC_desc-preproc_dwi.nii.gz	0.0	0.0007620145050303	0.0004825451518787	0.0006719875382259	0.0007620145050303	0.0006719875382259	0.0004825451518787	0.0007166398137839	0.0007166398768017	sub-20966	ses-1				space-ACPC			DSIStudio	autotrackgqi
ProjectionBrainstem_MedialLemniscusL	tyz	DSIStudio	/scratch/executivefunction/SLURM_8364170_114/job-8364170-114-sub-20966-ses-1/ds/inputs/data/qsiprep/qsiprep/sub-20966/ses-1/dwi/sub-20966_ses-1_space-ACPC_desc-preproc_dwi.nii.gz	0.0	5.996527751776469e-05	0.0002127027532458	5.414281986304559e-05	5.996527751776469e-05	5.414281986304559e-05	0.0002127027532458	5.05407781484586e-05	5.054078284549775e-05	sub-20966	ses-1				space-ACPC			DSIStudio	autotrackgqi
ProjectionBrainstem_MedialLemniscusL	tzz	DSIStudio	/scratch/executivefunction/SLURM_8364170_114/job-8364170-114-sub-20966-ses-1/ds/inputs/data/qsiprep/qsiprep/sub-20966/ses-1/dwi/sub-20966_ses-1_space-ACPC_desc-preproc_dwi.nii.gz	0.0	0.0011147206023401	0.0004989590491086	0.0010223729768767	0.0011147206023401	0.0010223729768767	0.0004989590491086	0.0011260885948872	0.0011260886935161	sub-20966	ses-1				space-ACPC			DSIStudio	autotrackgqi
ProjectionBrainstem_CorticopontineTractL	ad	DSIStudio	/scratch/executivefunction/SLURM_8364170_114/job-8364170-114-sub-20966-ses-1/ds/inputs/data/qsiprep/qsiprep/sub-20966/ses-1/dwi/sub-20966_ses-1_space-ACPC_desc-preproc_dwi.nii.gz	0.0004842615012106	1.2366189960273068	0.3832798094642858	1.1497179865837095	1.2372181331377852	1.1497622728347778	0.3824046589406917	1.3371651575489567	1.3371877925422475	sub-20966	ses-1				space-ACPC			DSIStudio	autotrackgqi
ProjectionBrainstem_CorticopontineTractL	dti_fa	DSIStudio	/scratch/executivefunction/SLURM_8364170_114/job-8364170-114-sub-20966-ses-1/ds/inputs/data/qsiprep/qsiprep/sub-20966/ses-1/dwi/sub-20966_ses-1_space-ACPC_desc-preproc_dwi.nii.gz	0.0004842615012106	0.4205883359595159	0.1949990797343673	0.429224818944931	0.4207921093781009	0.4293050467967987	0.1948263781982251	0.4851442519869585	0.4851524643630506	sub-20966	ses-1				space-ACPC			DSIStudio	autotrackgqi
ProjectionBrainstem_CorticopontineTractL	gfa	DSIStudio	/scratch/executivefunction/SLURM_8364170_114/job-8364170-114-sub-20966-ses-1/ds/inputs/data/qsiprep/qsiprep/sub-20966/ses-1/dwi/sub-20966_ses-1_space-ACPC_desc-preproc_dwi.nii.gz	0.0004842615012106	0.0909207422682591	0.0401653381766049	0.0909470692276954	0.0909647930154821	0.0909587666392326	0.0401251659091542	0.1068334461202859	0.1068352545611817	sub-20966	ses-1				space-ACPC			DSIStudio	autotrackgqi
ProjectionBrainstem_CorticopontineTractL	ha	DSIStudio	/scratch/executivefunction/SLURM_8364170_114/job-8364170-114-sub-20966-ses-1/ds/inputs/data/qsiprep/qsiprep/sub-20966/ses-1/dwi/sub-20966_ses-1_space-ACPC_desc-preproc_dwi.nii.gz	0.0004842615012106	-0.9281718855012492	50.40709194679275	-2.259932518005371	-0.928621581182209	-2.313368797302246	50.41929734719615	3.459995218603729	3.4600537798057056	sub-20966	ses-1				space-ACPC			DSIStudio	autotrackgqi
ProjectionBrainstem_CorticopontineTractL	iso	DSIStudio	/scratch/executivefunction/SLURM_8364170_114/job-8364170-114-sub-20966-ses-1/ds/inputs/data/qsiprep/qsiprep/sub-20966/ses-1/dwi/sub-20966_ses-1_space-ACPC_desc-preproc_dwi.nii.gz	0.0004842615012106	0.507451354484491	0.0913762956270115	0.507725328207016	0.507697212698873	0.5077331364154816	0.0907130157941392	0.4828055756956482	0.4828137483976913	sub-20966	ses-1				space-ACPC			DSIStudio	autotrackgqi
ProjectionBrainstem_CorticopontineTractL	md	DSIStudio	/scratch/executivefunction/SLURM_8364170_114/job-8364170-114-sub-20966-ses-1/ds/inputs/data/qsiprep/qsiprep/sub-20966/ses-1/dwi/sub-20966_ses-1_space-ACPC_desc-preproc_dwi.nii.gz	0.0004842615012106	0.8407865878347912	0.3288620177137533	0.7528120279312134	0.8411939456777344	0.7528317868709564	0.3284203984365154	0.8578640844847925	0.8578786060600213	sub-20966	ses-1				space-ACPC			DSIStudio	autotrackgqi
ProjectionBrainstem_CorticopontineTractL	qa	DSIStudio	/scratch/executivefunction/SLURM_8364170_114/job-8364170-114-sub-20966-ses-1/ds/inputs/data/qsiprep/qsiprep/sub-20966/ses-1/dwi/sub-20966_ses-1_space-ACPC_desc-preproc_dwi.nii.gz	0.0004842615012106	0.2111067202708911	0.1038727115101484	0.2074877321720123	0.2112090006586193	0.2075653001666069	0.1037938589146619	0.2429231978955116	0.2429273100402187	sub-20966	ses-1				space-ACPC			DSIStudio	autotrackgqi
ProjectionBrainstem_CorticopontineTractL	rd1	DSIStudio	/scratch/executivefunction/SLURM_8364170_114/job-8364170-114-sub-20966-ses-1/ds/inputs/data/qsiprep/qsiprep/sub-20966/ses-1/dwi/sub-20966_ses-1_space-ACPC_desc-preproc_dwi.nii.gz	0.0004842615012106	0.7485649846223595	0.3593458460348713	0.6842509210109711	0.7489276614559944	0.684354305267334	0.359054844085683	0.7277658708534521	0.7277781901971596	sub-20966	ses-1				space-ACPC			DSIStudio	autotrackgqi
ProjectionBrainstem_CorticopontineTractL	rd2	DSIStudio	/scratch/executivefunction/SLURM_8364170_114/job-8364170-114-sub-20966-ses-1/ds/inputs/data/qsiprep/qsiprep/sub-20966/ses-1/dwi/sub-20966_ses-1_space-ACPC_desc-preproc_dwi.nii.gz	0.0004842615012106	0.5371757817311442	0.3523189885766976	0.4484833776950836	0.5374360413153163	0.4486050456762314	0.3522058158100626	0.5086612222529789	0.5086698326416198	sub-20966	ses-1				space-ACPC			DSIStudio	autotrackgqi
ProjectionBrainstem_CorticopontineTractL	rd	DSIStudio	/scratch/executivefunction/SLURM_8364170_114/job-8364170-114-sub-20966-ses-1/ds/inputs/data/qsiprep/qsiprep/sub-20966/ses-1/dwi/sub-20966_ses-1_space-ACPC_desc-preproc_dwi.nii.gz	0.0004842615012106	0.6428703830178295	0.3506093242527579	0.5643602907657623	0.6431818512266559	0.5643757283687592	0.3504085118252223	0.6182135461649138	0.6182240110310813	sub-20966	ses-1				space-ACPC			DSIStudio	autotrackgqi
ProjectionBrainstem_CorticopontineTractL	txx	DSIStudio	/scratch/executivefunction/SLURM_8364170_114/job-8364170-114-sub-20966-ses-1/ds/inputs/data/qsiprep/qsiprep/sub-20966/ses-1/dwi/sub-20966_ses-1_space-ACPC_desc-preproc_dwi.nii.gz	0.0004842615012106	0.0007531677498999	0.0003754200653116	0.0006847323093097	0.0007535326567555	0.0006850730569567	0.0003751446936838	0.0007284812768302	0.0007284936082267	sub-20966	ses-1				space-ACPC			DSIStudio	autotrackgqi
ProjectionBrainstem_CorticopontineTractL	txy	DSIStudio	/scratch/executivefunction/SLURM_8364170_114/job-8364170-114-sub-20966-ses-1/ds/inputs/data/qsiprep/qsiprep/sub-20966/ses-1/dwi/sub-20966_ses-1_space-ACPC_desc-preproc_dwi.nii.gz	0.0004842615012106	-1.1554461240216647e-05	0.0001368389807282	-9.467815289099237e-06	-1.15600593319028e-05	-9.488348496233812e-06	0.0001368718892876	-6.035191100601024e-06	-6.035293310833497e-06	sub-20966	ses-1				space-ACPC			DSIStudio	autotrackgqi
ProjectionBrainstem_CorticopontineTractL	txz	DSIStudio	/scratch/executivefunction/SLURM_8364170_114/job-8364170-114-sub-20966-ses-1/ds/inputs/data/qsiprep/qsiprep/sub-20966/ses-1/dwi/sub-20966_ses-1_space-ACPC_desc-preproc_dwi.nii.gz	0.0004842615012106	5.704687094020474e-06	0.0001758381474919	-3.6019096114614517e-06	5.7074509928063365e-06	-3.640693876150181e-06	0.000175880693939	5.2100102805302255e-05	5.210098471960122e-05	sub-20966	ses-1				space-ACPC			DSIStudio	autotrackgqi
ProjectionBrainstem_CorticopontineTractL	tyy	DSIStudio	/scratch/executivefunction/SLURM_8364170_114/job-8364170-114-sub-20966-ses-1/ds/inputs/data/qsiprep/qsiprep/sub-20966/ses-1/dwi/sub-20966_ses-1_space-ACPC_desc-preproc_dwi.nii.gz	0.0004842615012106	0.0008125258119692	0.0004211071104579	0.000745360244764	0.0008129194775758	0.0007456236053258	0.000420829058309	0.0008515880219198	0.000851602437097	sub-20966	ses-1				space-ACPC			DSIStudio	autotrackgqi
ProjectionBrainstem_CorticopontineTractL	tyz	DSIStudio	/scratch/executivefunction/SLURM_8364170_114/job-8364170-114-sub-20966-ses-1/ds/inputs/data/qsiprep/qsiprep/sub-20966/ses-1/dwi/sub-20966_ses-1_space-ACPC_desc-preproc_dwi.nii.gz	0.0004842615012106	7.050010185688126e-06	0.000200099962532	-2.963310180348344e-06	7.053425888297471e-06	-3.051726935154875e-06	0.0002001483703038	3.4212362606603425e-05	3.421294158428071e-05	sub-20966	ses-1				space-ACPC			DSIStudio	autotrackgqi
ProjectionBrainstem_CorticopontineTractL	tzz	DSIStudio	/scratch/executivefunction/SLURM_8364170_114/job-8364170-114-sub-20966-ses-1/ds/inputs/data/qsiprep/qsiprep/sub-20966/ses-1/dwi/sub-20966_ses-1_space-ACPC_desc-preproc_dwi.nii.gz	0.0004842615012106	0.0009566662010673	0.0003708834129545	0.0009056086710188	0.0009571297021337	0.0009057210409082	0.0003703748371476	0.0009935229533096	0.0009935397714615	sub-20966	ses-1				space-ACPC			DSIStudio	autotrackgqi
ProjectionBrainstem_ReticularTractR	ad	DSIStudio	/scratch/executivefunction/SLURM_8364170_114/job-8364170-114-sub-20966-ses-1/ds/inputs/data/qsiprep/qsiprep/sub-20966/ses-1/dwi/sub-20966_ses-1_space-ACPC_desc-preproc_dwi.nii.gz	0.0035087719298245	1.3100246166764644	0.4888063493341004	1.186010479927063	1.3146373794112407	1.1875861287117004	0.4834344272520953	1.2896340225167455	1.2898923518318588	sub-20966	ses-1				space-ACPC			DSIStudio	autotrackgqi
ProjectionBrainstem_ReticularTractR	dti_fa	DSIStudio	/scratch/executivefunction/SLURM_8364170_114/job-8364170-114-sub-20966-ses-1/ds/inputs/data/qsiprep/qsiprep/sub-20966/ses-1/dwi/sub-20966_ses-1_space-ACPC_desc-preproc_dwi.nii.gz	0.0035087719298245	0.4103870915896014	0.1664838740679613	0.4023667871952057	0.4118321165599873	0.4026460647583008	0.1649829302736234	0.4585201632936184	0.4586120103142498	sub-20966	ses-1				space-ACPC			DSIStudio	autotrackgqi
ProjectionBrainstem_ReticularTractR	gfa	DSIStudio	/scratch/executivefunction/SLURM_8364170_114/job-8364170-114-sub-20966-ses-1/ds/inputs/data/qsiprep/qsiprep/sub-20966/ses-1/dwi/sub-20966_ses-1_space-ACPC_desc-preproc_dwi.nii.gz	0.0035087719298245	0.0892812688968945	0.0334418656220587	0.0849147140979766	0.0895956395620244	0.0849837101995945	0.0330776362076949	0.0972601308133659	0.097279613177501	sub-20966	ses-1				space-ACPC			DSIStudio	autotrackgqi
ProjectionBrainstem_ReticularTractR	ha	DSIStudio	/scratch/executivefunction/SLURM_8364170_114/job-8364170-114-sub-20966-ses-1/ds/inputs/data/qsiprep/qsiprep/sub-20966/ses-1/dwi/sub-20966_ses-1_space-ACPC_desc-preproc_dwi.nii.gz	0.0035087719298245	9.742965274553155	43.71645039637565	10.62602996826172	9.777271490308626	10.792517185211182	43.78951858768647	9.946395532732051	9.948387870141849	sub-20966	ses-1				space-ACPC			DSIStudio	autotrackgqi
ProjectionBrainstem_ReticularTractR	iso	DSIStudio	/scratch/executivefunction/SLURM_8364170_114/job-8364170-114-sub-20966-ses-1/ds/inputs/data/qsiprep/qsiprep/sub-20966/ses-1/dwi/sub-20966_ses-1_space-ACPC_desc-preproc_dwi.nii.gz	0.0035087719298245	0.462414368916499	0.1001152270220342	0.4682478010654449	0.4640425885253599	0.4687152206897735	0.0964509611141155	0.471559612820596	0.4716540718938899	sub-20966	ses-1				space-ACPC			DSIStudio	autotrackgqi
ProjectionBrainstem_ReticularTractR	md	DSIStudio	/scratch/executivefunction/SLURM_8364170_114/job-8364170-114-sub-20966-ses-1/ds/inputs/data/qsiprep/qsiprep/sub-20966/ses-1/dwi/sub-20966_ses-1_space-ACPC_desc-preproc_dwi.nii.gz	0.0035087719298245	0.906092136470895	0.4400696187475211	0.7665465474128723	0.9092826017401588	0.7673478722572327	0.4375410159765194	0.8493637434739834	0.8495338813349477	sub-20966	ses-1				space-ACPC			DSIStudio	autotrackgqi
ProjectionBrainstem_ReticularTractR	qa	DSIStudio	/scratch/executivefunction/SLURM_8364170_114/job-8364170-114-sub-20966-ses-1/ds/inputs/data/qsiprep/qsiprep/sub-20966/ses-1/dwi/sub-20966_ses-1_space-ACPC_desc-preproc_dwi.nii.gz	0.0035087719298245	0.1891683492012191	0.0841354403697355	0.1769114136695861	0.1898344349378431	0.1774273514747619	0.083529944160444	0.2110813215928787	0.2111236037254113	sub-20966	ses-1				space-ACPC			DSIStudio	autotrackgqi
ProjectionBrainstem_ReticularTractR	rd1	DSIStudio	/scratch/executivefunction/SLURM_8364170_114/job-8364170-114-sub-20966-ses-1/ds/inputs/data/qsiprep/qsiprep/sub-20966/ses-1/dwi/sub-20966_ses-1_space-ACPC_desc-preproc_dwi.nii.gz	0.0035087719298245	0.804922541275359	0.4562101838464746	0.6889731287956238	0.8077567755756244	0.6892418563365936	0.4545010495167658	0.733927071530116	0.7340740860193808	sub-20966	ses-1				space-ACPC			DSIStudio	autotrackgqi
ProjectionBrainstem_ReticularTractR	rd2	DSIStudio	/scratch/executivefunction/SLURM_8364170_114/job-8364170-114-sub-20966-ses-1/ds/inputs/data/qsiprep/qsiprep/sub-20966/ses-1/dwi/sub-20966_ses-1_space-ACPC_desc-preproc_dwi.nii.gz	0.0035087719298245	0.6033292466088345	0.4358178222890072	0.4905821979045868	0.6054536453644994	0.4908386319875717	0.4351088853619241	0.5245301335890945	0.5246352033670512	sub-20966	ses-1				space-ACPC			DSIStudio	autotrackgqi
ProjectionBrainstem_ReticularTractR	rd	DSIStudio	/scratch/executivefunction/SLURM_8364170_114/job-8364170-114-sub-20966-ses-1/ds/inputs/data/qsiprep/qsiprep/sub-20966/ses-1/dwi/sub-20966_ses-1_space-ACPC_desc-preproc_dwi.nii.gz	0.0035087719298245	0.7041258918297918	0.4423929351151597	0.5853445529937744	0.7066052083503193	0.5865670144557953	0.4411901360015685	0.6292285977168025	0.6293546398494432	sub-20966	ses-1				space-ACPC			DSIStudio	autotrackgqi
ProjectionBrainstem_ReticularTractR	txx	DSIStudio	/scratch/executivefunction/SLURM_8364170_114/job-8364170-114-sub-20966-ses-1/ds/inputs/data/qsiprep/qsiprep/sub-20966/ses-1/dwi/sub-20966_ses-1_space-ACPC_desc-preproc_dwi.nii.gz	0.0035087719298245	0.0007951446279389	0.0004490836818303	0.0006815469823777	0.0007979444329668	0.0006817489047534	0.0004473837186925	0.0007065311522571	0.0007066726789258	sub-20966	ses-1				space-ACPC			DSIStudio	autotrackgqi
ProjectionBrainstem_ReticularTractR	txy	DSIStudio	/scratch/executivefunction/SLURM_8364170_114/job-8364170-114-sub-20966-ses-1/ds/inputs/data/qsiprep/qsiprep/sub-20966/ses-1/dwi/sub-20966_ses-1_space-ACPC_desc-preproc_dwi.nii.gz	0.0035087719298245	4.8402551167806736e-05	0.0001507569763787	2.091830720019061e-05	4.857298268600324e-05	2.1330435629352e-05	0.0001509947500821	5.852832968204291e-05	5.8540053589812e-05	sub-20966	ses-1				space-ACPC			DSIStudio	autotrackgqi
ProjectionBrainstem_ReticularTractR	txz	DSIStudio	/scratch/executivefunction/SLURM_8364170_114/job-8364170-114-sub-20966-ses-1/ds/inputs/data/qsiprep/qsiprep/sub-20966/ses-1/dwi/sub-20966_ses-1_space-ACPC_desc-preproc_dwi.nii.gz	0.0035087719298245	-5.736719501374354e-06	0.0001087473687817	-1.7943575585377405e-06	-5.756919217928488e-06	-2.056726771115791e-06	0.0001089381234437	-1.465719888737546e-05	-1.4660134754149046e-05	sub-20966	ses-1				space-ACPC			DSIStudio	autotrackgqi
ProjectionBrainstem_ReticularTractR	tyy	DSIStudio	/scratch/executivefunction/SLURM_8364170_114/job-8364170-114-sub-20966-ses-1/ds/inputs/data/qsiprep/qsiprep/sub-20966/ses-1/dwi/sub-20966_ses-1_space-ACPC_desc-preproc_dwi.nii.gz	0.0035087719298245	0.0009946489680084	0.0004618329118126	0.0008978545083664	0.000998151253107	0.0008994063246063	0.0004588516623343	0.0010015420477142	0.0010017426688215	sub-20966	ses-1				space-ACPC			DSIStudio	autotrackgqi
ProjectionBrainstem_ReticularTractR	tyz	DSIStudio	/scratch/executivefunction/SLURM_8364170_114/job-8364170-114-sub-20966-ses-1/ds/inputs/data/qsiprep/qsiprep/sub-20966/ses-1/dwi/sub-20966_ses-1_space-ACPC_desc-preproc_dwi.nii.gz	0.0035087719298245	-0.0001391832573223	0.0001761810891139	-0.0001224808656843	-0.0001396733392143	-0.0001235220042872	0.0001762969647314	-0.000180292396728	-0.0001803285113833	sub-20966	ses-1				space-ACPC			DSIStudio	autotrackgqi
ProjectionBrainstem_ReticularTractR	tzz	DSIStudio	/scratch/executivefunction/SLURM_8364170_114/job-8364170-114-sub-20966-ses-1/ds/inputs/data/qsiprep/qsiprep/sub-20966/ses-1/dwi/sub-20966_ses-1_space-ACPC_desc-preproc_dwi.nii.gz	0.0035087719298245	0.0009284828088487	0.0005401459084406	0.0007648839382454	0.0009317521145136	0.000767083838582	0.0005382738479996	0.0008400180311634	0.0008401862969703	sub-20966	ses-1				space-ACPC			DSIStudio	autotrackgqi
ProjectionBasalGanglia_ThalamicRadiationL	ad	DSIStudio	/scratch/executivefunction/SLURM_8364170_114/job-8364170-114-sub-20966-ses-1/ds/inputs/data/qsiprep/qsiprep/sub-20966/ses-1/dwi/sub-20966_ses-1_space-ACPC_desc-preproc_dwi.nii.gz	0.0021337885415555	1.1682889078122043	0.319631054541211	1.111612319946289	1.170787119953362	1.1119822263717651	0.3153689886122625	1.169488280663167	1.1695829509527709	sub-20966	ses-1				space-ACPC			DSIStudio	autotrackgqi
ProjectionBasalGanglia_ThalamicRadiationL	dti_fa	DSIStudio	/scratch/executivefunction/SLURM_8364170_114/job-8364170-114-sub-20966-ses-1/ds/inputs/data/qsiprep/qsiprep/sub-20966/ses-1/dwi/sub-20966_ses-1_space-ACPC_desc-preproc_dwi.nii.gz	0.0021337885415555	0.37712008589206	0.1800340880710002	0.3727328777313232	0.3779265011297207	0.3733559250831604	0.1793789731411151	0.4615813831104922	0.46161874824151	sub-20966	ses-1				space-ACPC			DSIStudio	autotrackgqi
ProjectionBasalGanglia_ThalamicRadiationL	gfa	DSIStudio	/scratch/executivefunction/SLURM_8364170_114/job-8364170-114-sub-20966-ses-1/ds/inputs/data/qsiprep/qsiprep/sub-20966/ses-1/dwi/sub-20966_ses-1_space-ACPC_desc-preproc_dwi.nii.gz	0.0021337885415555	0.080047821441452	0.0369932346030161	0.078462153673172	0.0802189918069849	0.0785712599754333	0.0368469079404339	0.0969016750668095	0.0969095192825296	sub-20966	ses-1				space-ACPC			DSIStudio	autotrackgqi
ProjectionBasalGanglia_ThalamicRadiationL	ha	DSIStudio	/scratch/executivefunction/SLURM_8364170_114/job-8364170-114-sub-20966-ses-1/ds/inputs/data/qsiprep/qsiprep/sub-20966/ses-1/dwi/sub-20966_ses-1_space-ACPC_desc-preproc_dwi.nii.gz	0.0021337885415555	2.7138920743079	42.63284558414287	1.292586326599121	2.7196953290375223	1.5048720836639404	42.67821833606858	-0.1364882040834629	-0.1364992759809664	sub-20966	ses-1				space-ACPC			DSIStudio	autotrackgqi
ProjectionBasalGanglia_ThalamicRadiationL	iso	DSIStudio	/scratch/executivefunction/SLURM_8364170_114/job-8364170-114-sub-20966-ses-1/ds/inputs/data/qsiprep/qsiprep/sub-20966/ses-1/dwi/sub-20966_ses-1_space-ACPC_desc-preproc_dwi.nii.gz	0.0021337885415555	0.5105006970865812	0.1135643429027909	0.4953005611896515	0.5115923269317358	0.4955383539199829	0.1112023765214357	0.4852577766909167	0.4852970583698917	sub-20966	ses-1				space-ACPC			DSIStudio	autotrackgqi
ProjectionBasalGanglia_ThalamicRadiationL	md	DSIStudio	/scratch/executivefunction/SLURM_8364170_114/job-8364170-114-sub-20966-ses-1/ds/inputs/data/qsiprep/qsiprep/sub-20966/ses-1/dwi/sub-20966_ses-1_space-ACPC_desc-preproc_dwi.nii.gz	0.0021337885415555	0.8277267700679831	0.2728337488037072	0.7617416381835938	0.8294967407085647	0.7619020938873291	0.2704241940902097	0.7543121714547002	0.7543732331052855	sub-20966	ses-1				space-ACPC			DSIStudio	autotrackgqi
ProjectionBasalGanglia_ThalamicRadiationL	qa	DSIStudio	/scratch/executivefunction/SLURM_8364170_114/job-8364170-114-sub-20966-ses-1/ds/inputs/data/qsiprep/qsiprep/sub-20966/ses-1/dwi/sub-20966_ses-1_space-ACPC_desc-preproc_dwi.nii.gz	0.0021337885415555	0.1804157945421954	0.0866563268900844	0.171147882938385	0.1808015868966104	0.1713869720697403	0.0863459592711125	0.2139355686117777	0.2139528867459076	sub-20966	ses-1				space-ACPC			DSIStudio	autotrackgqi
ProjectionBasalGanglia_ThalamicRadiationL	rd1	DSIStudio	/scratch/executivefunction/SLURM_8364170_114/job-8364170-114-sub-20966-ses-1/ds/inputs/data/qsiprep/qsiprep/sub-20966/ses-1/dwi/sub-20966_ses-1_space-ACPC_desc-preproc_dwi.nii.gz	0.0021337885415555	0.7632364853922463	0.3026259565051958	0.7160341739654541	0.7648685531467471	0.7166507840156555	0.3008820163192436	0.6527316390405598	0.652784477646906	sub-20966	ses-1				space-ACPC			DSIStudio	autotrackgqi
ProjectionBasalGanglia_ThalamicRadiationL	rd2	DSIStudio	/scratch/executivefunction/SLURM_8364170_114/job-8364170-114-sub-20966-ses-1/ds/inputs/data/qsiprep/qsiprep/sub-20966/ses-1/dwi/sub-20966_ses-1_space-ACPC_desc-preproc_dwi.nii.gz	0.0021337885415555	0.5516549177288673	0.2987840991849644	0.4856639802455902	0.5528345497565137	0.4861248135566711	0.2980112268894981	0.4407165947515898	0.4407522708074032	sub-20966	ses-1				space-ACPC			DSIStudio	autotrackgqi
ProjectionBasalGanglia_ThalamicRadiationL	rd	DSIStudio	/scratch/executivefunction/SLURM_8364170_114/job-8364170-114-sub-20966-ses-1/ds/inputs/data/qsiprep/qsiprep/sub-20966/ses-1/dwi/sub-20966_ses-1_space-ACPC_desc-preproc_dwi.nii.gz	0.0021337885415555	0.6574457016314766	0.2940922633034815	0.59793621301651	0.6588515515227018	0.5980802774429321	0.2928292326836593	0.5467241172768825	0.5467683746079932	sub-20966	ses-1				space-ACPC			DSIStudio	autotrackgqi
ProjectionBasalGanglia_ThalamicRadiationL	txx	DSIStudio	/scratch/executivefunction/SLURM_8364170_114/job-8364170-114-sub-20966-ses-1/ds/inputs/data/qsiprep/qsiprep/sub-20966/ses-1/dwi/sub-20966_ses-1_space-ACPC_desc-preproc_dwi.nii.gz	0.0021337885415555	0.0007600963580841	0.0003261221185356	0.0007032680441625	0.0007617217111432	0.0007037476752884	0.0003245689375172	0.0006425997166301	0.000642651735152	sub-20966	ses-1				space-ACPC			DSIStudio	autotrackgqi
ProjectionBasalGanglia_ThalamicRadiationL	txy	DSIStudio	/scratch/executivefunction/SLURM_8364170_114/job-8364170-114-sub-20966-ses-1/ds/inputs/data/qsiprep/qsiprep/sub-20966/ses-1/dwi/sub-20966_ses-1_space-ACPC_desc-preproc_dwi.nii.gz	0.0021337885415555	-2.1011002386971557e-05	0.0001379108125825	-1.717216582619585e-05	-2.105593129189397e-05	-1.7460341041442007e-05	0.0001380547585196	-4.52146056307541e-05	-4.521826569849049e-05	sub-20966	ses-1				space-ACPC			DSIStudio	autotrackgqi
ProjectionBasalGanglia_ThalamicRadiationL	txz	DSIStudio	/scratch/executivefunction/SLURM_8364170_114/job-8364170-114-sub-20966-ses-1/ds/inputs/data/qsiprep/qsiprep/sub-20966/ses-1/dwi/sub-20966_ses-1_space-ACPC_desc-preproc_dwi.nii.gz	0.0021337885415555	-9.572599903382196e-06	0.0001463396276742	-4.747372713609366e-06	-9.593069485127909e-06	-5.0983076107513625e-06	0.0001464953366779	7.056947875124153e-06	7.057519116521595e-06	sub-20966	ses-1				space-ACPC			DSIStudio	autotrackgqi
ProjectionBasalGanglia_ThalamicRadiationL	tyy	DSIStudio	/scratch/executivefunction/SLURM_8364170_114/job-8364170-114-sub-20966-ses-1/ds/inputs/data/qsiprep/qsiprep/sub-20966/ses-1/dwi/sub-20966_ses-1_space-ACPC_desc-preproc_dwi.nii.gz	0.0021337885415555	0.0008686482351853	0.0003550099548652	0.0008247023215517	0.0008705057102953	0.0008253824780695	0.000353107103021	0.0008779200064748	0.0008779910743524	sub-20966	ses-1				space-ACPC			DSIStudio	autotrackgqi
ProjectionBasalGanglia_ThalamicRadiationL	tyz	DSIStudio	/scratch/executivefunction/SLURM_8364170_114/job-8364170-114-sub-20966-ses-1/ds/inputs/data/qsiprep/qsiprep/sub-20966/ses-1/dwi/sub-20966_ses-1_space-ACPC_desc-preproc_dwi.nii.gz	0.0021337885415555	1.600967548165971e-05	0.0001690619443345	5.708375283575151e-06	1.6043909792536774e-05	5.948447778791888e-06	0.0001692409820392	-1.4048808267906423e-05	-1.4049945726205683e-05	sub-20966	ses-1				space-ACPC			DSIStudio	autotrackgqi
ProjectionBasalGanglia_ThalamicRadiationL	tzz	DSIStudio	/scratch/executivefunction/SLURM_8364170_114/job-8364170-114-sub-20966-ses-1/ds/inputs/data/qsiprep/qsiprep/sub-20966/ses-1/dwi/sub-20966_ses-1_space-ACPC_desc-preproc_dwi.nii.gz	0.0021337885415555	0.0008544357168926	0.0003168818178458	0.0008093189680948	0.0008562628006452	0.0008100750274024	0.0003147448859405	0.0007424167931475	0.0007424768916999	sub-20966	ses-1				space-ACPC			DSIStudio	autotrackgqi
ProjectionBrainstem_CorticopontineTractR	ad	DSIStudio	/scratch/executivefunction/SLURM_8364170_114/job-8364170-114-sub-20966-ses-1/ds/inputs/data/qsiprep/qsiprep/sub-20966/ses-1/dwi/sub-20966_ses-1_space-ACPC_desc-preproc_dwi.nii.gz	0.0	1.200956409262647	0.3156479534951007	1.138123631477356	1.200956409262647	1.138123631477356	0.3156479534951007	1.2968057939953408	1.2968059046732003	sub-20966	ses-1				space-ACPC			DSIStudio	autotrackgqi
ProjectionBrainstem_CorticopontineTractR	dti_fa	DSIStudio	/scratch/executivefunction/SLURM_8364170_114/job-8364170-114-sub-20966-ses-1/ds/inputs/data/qsiprep/qsiprep/sub-20966/ses-1/dwi/sub-20966_ses-1_space-ACPC_desc-preproc_dwi.nii.gz	0.0	0.4337592962240316	0.1843292437392115	0.4343641102313995	0.4337592962240316	0.4343641102313995	0.1843292437392115	0.5352470581127964	0.53524710373181	sub-20966	ses-1				space-ACPC			DSIStudio	autotrackgqi
ProjectionBrainstem_CorticopontineTractR	gfa	DSIStudio	/scratch/executivefunction/SLURM_8364170_114/job-8364170-114-sub-20966-ses-1/ds/inputs/data/qsiprep/qsiprep/sub-20966/ses-1/dwi/sub-20966_ses-1_space-ACPC_desc-preproc_dwi.nii.gz	0.0	0.092608496563165	0.0378396206348366	0.0904064774513244	0.092608496563165	0.0904064774513244	0.0378396206348366	0.1140590577012423	0.1140590674233581	sub-20966	ses-1				space-ACPC			DSIStudio	autotrackgqi
ProjectionBrainstem_CorticopontineTractR	ha	DSIStudio	/scratch/executivefunction/SLURM_8364170_114/job-8364170-114-sub-20966-ses-1/ds/inputs/data/qsiprep/qsiprep/sub-20966/ses-1/dwi/sub-20966_ses-1_space-ACPC_desc-preproc_dwi.nii.gz	0.0	0.5311741104690438	51.06682231676229	4.961154937744141	0.5311741104690438	4.961154937744141	51.06682231676229	7.952712878316748	7.952713597154441	sub-20966	ses-1				space-ACPC			DSIStudio	autotrackgqi
ProjectionBrainstem_CorticopontineTractR	iso	DSIStudio	/scratch/executivefunction/SLURM_8364170_114/job-8364170-114-sub-20966-ses-1/ds/inputs/data/qsiprep/qsiprep/sub-20966/ses-1/dwi/sub-20966_ses-1_space-ACPC_desc-preproc_dwi.nii.gz	0.0	0.5048614596681338	0.0808221289847436	0.4987375438213348	0.5048614596681338	0.4987375438213348	0.0808221289847436	0.4981842485103034	0.4981842909984074	sub-20966	ses-1				space-ACPC			DSIStudio	autotrackgqi
ProjectionBrainstem_CorticopontineTractR	md	DSIStudio	/scratch/executivefunction/SLURM_8364170_114/job-8364170-114-sub-20966-ses-1/ds/inputs/data/qsiprep/qsiprep/sub-20966/ses-1/dwi/sub-20966_ses-1_space-ACPC_desc-preproc_dwi.nii.gz	0.0	0.8030840484899192	0.2512402974353956	0.7458651065826416	0.8030840484899192	0.7458651065826416	0.2512402974353956	0.7811188040018126	0.7811188707084064	sub-20966	ses-1				space-ACPC			DSIStudio	autotrackgqi
ProjectionBrainstem_CorticopontineTractR	qa	DSIStudio	/scratch/executivefunction/SLURM_8364170_114/job-8364170-114-sub-20966-ses-1/ds/inputs/data/qsiprep/qsiprep/sub-20966/ses-1/dwi/sub-20966_ses-1_space-ACPC_desc-preproc_dwi.nii.gz	0.0	0.2130627715254201	0.0959642352984227	0.2034617960453033	0.2130627715254201	0.2034617960453033	0.0959642352984227	0.2676261651413107	0.2676261879462378	sub-20966	ses-1				space-ACPC			DSIStudio	autotrackgqi
ProjectionBrainstem_CorticopontineTractR	rd1	DSIStudio	/scratch/executivefunction/SLURM_8364170_114/job-8364170-114-sub-20966-ses-1/ds/inputs/data/qsiprep/qsiprep/sub-20966/ses-1/dwi/sub-20966_ses-1_space-ACPC_desc-preproc_dwi.nii.gz	0.0	0.7143852131979844	0.2836485254222489	0.6795216202735901	0.7143852131979844	0.6795216202735901	0.2836485254222489	0.6352530108601052	0.6352530651160481	sub-20966	ses-1				space-ACPC			DSIStudio	autotrackgqi
ProjectionBrainstem_CorticopontineTractR	rd2	DSIStudio	/scratch/executivefunction/SLURM_8364170_114/job-8364170-114-sub-20966-ses-1/ds/inputs/data/qsiprep/qsiprep/sub-20966/ses-1/dwi/sub-20966_ses-1_space-ACPC_desc-preproc_dwi.nii.gz	0.0	0.4939105251119425	0.2830242915470411	0.4325411915779114	0.4939105251119425	0.4325411915779114	0.2830242915470411	0.4112976110685344	0.411297646254514	sub-20966	ses-1				space-ACPC			DSIStudio	autotrackgqi
ProjectionBrainstem_CorticopontineTractR	rd	DSIStudio	/scratch/executivefunction/SLURM_8364170_114/job-8364170-114-sub-20966-ses-1/ds/inputs/data/qsiprep/qsiprep/sub-20966/ses-1/dwi/sub-20966_ses-1_space-ACPC_desc-preproc_dwi.nii.gz	0.0	0.6041478692054548	0.2767108350428554	0.5531168580055237	0.6041478692054548	0.5531168580055237	0.2767108350428554	0.5232753106929728	0.523275355413934	sub-20966	ses-1				space-ACPC			DSIStudio	autotrackgqi
ProjectionBrainstem_CorticopontineTractR	txx	DSIStudio	/scratch/executivefunction/SLURM_8364170_114/job-8364170-114-sub-20966-ses-1/ds/inputs/data/qsiprep/qsiprep/sub-20966/ses-1/dwi/sub-20966_ses-1_space-ACPC_desc-preproc_dwi.nii.gz	0.0	0.0007388068935759	0.0003091326666107	0.000697101233527	0.0007388068935759	0.000697101233527	0.0003091326666107	0.0006665439320506	0.0006665439890245	sub-20966	ses-1				space-ACPC			DSIStudio	autotrackgqi
ProjectionBrainstem_CorticopontineTractR	txy	DSIStudio	/scratch/executivefunction/SLURM_8364170_114/job-8364170-114-sub-20966-ses-1/ds/inputs/data/qsiprep/qsiprep/sub-20966/ses-1/dwi/sub-20966_ses-1_space-ACPC_desc-preproc_dwi.nii.gz	0.0	4.276937888592889e-05	0.0001270994241404	3.481250678305514e-05	4.276937888592889e-05	3.481250678305514e-05	0.0001270994241404	8.760819670558348e-05	8.760820418419508e-05	sub-20966	ses-1				space-ACPC			DSIStudio	autotrackgqi
ProjectionBrainstem_CorticopontineTractR	txz	DSIStudio	/scratch/executivefunction/SLURM_8364170_114/job-8364170-114-sub-20966-ses-1/ds/inputs/data/qsiprep/qsiprep/sub-20966/ses-1/dwi/sub-20966_ses-1_space-ACPC_desc-preproc_dwi.nii.gz	0.0	-1.1576268472212884e-05	0.0001769827424253	-6.261315320443828e-06	-1.1576268472212884e-05	-6.261315320443828e-06	0.0001769827424253	-8.315311929513614e-05	-8.31531263739095e-05	sub-20966	ses-1				space-ACPC			DSIStudio	autotrackgqi
ProjectionBrainstem_CorticopontineTractR	tyy	DSIStudio	/scratch/executivefunction/SLURM_8364170_114/job-8364170-114-sub-20966-ses-1/ds/inputs/data/qsiprep/qsiprep/sub-20966/ses-1/dwi/sub-20966_ses-1_space-ACPC_desc-preproc_dwi.nii.gz	0.0	0.0007426648626431	0.0003459393262705	0.0006928517250344	0.0007426648626431	0.0006928517250344	0.0003459393262705	0.0006892787734436	0.0006892788323672	sub-20966	ses-1				space-ACPC			DSIStudio	autotrackgqi
ProjectionBrainstem_CorticopontineTractR	tyz	DSIStudio	/scratch/executivefunction/SLURM_8364170_114/job-8364170-114-sub-20966-ses-1/ds/inputs/data/qsiprep/qsiprep/sub-20966/ses-1/dwi/sub-20966_ses-1_space-ACPC_desc-preproc_dwi.nii.gz	0.0	-2.9332036093149668e-05	0.0001990499633448	-2.5411758542759344e-05	-2.9332036093149668e-05	-2.5411758542759344e-05	0.0001990499633448	-0.0001088933908012	-0.0001088934002435	sub-20966	ses-1				space-ACPC			DSIStudio	autotrackgqi
ProjectionBrainstem_CorticopontineTractR	tzz	DSIStudio	/scratch/executivefunction/SLURM_8364170_114/job-8364170-114-sub-20966-ses-1/ds/inputs/data/qsiprep/qsiprep/sub-20966/ses-1/dwi/sub-20966_ses-1_space-ACPC_desc-preproc_dwi.nii.gz	0.0	0.0009277803908637	0.0003217755716963	0.0008999446290545	0.0009277803908637	0.0008999446290545	0.0003217755716963	0.0009875337087303	0.0009875337929526	sub-20966	ses-1				space-ACPC			DSIStudio	autotrackgqi
ProjectionBrainstem_DentatorubrothalamicTract-rl	ad	DSIStudio	/scratch/executivefunction/SLURM_8364170_114/job-8364170-114-sub-20966-ses-1/ds/inputs/data/qsiprep/qsiprep/sub-20966/ses-1/dwi/sub-20966_ses-1_space-ACPC_desc-preproc_dwi.nii.gz	0.0	1.2308825029987671	0.3948869003924016	1.127164602279663	1.2308825029987671	1.127164602279663	0.3948869003924016	1.3626459968811675	1.3626459968811675	sub-20966	ses-1				space-ACPC			DSIStudio	autotrackgqi
ProjectionBrainstem_DentatorubrothalamicTract-rl	dti_fa	DSIStudio	/scratch/executivefunction/SLURM_8364170_114/job-8364170-114-sub-20966-ses-1/ds/inputs/data/qsiprep/qsiprep/sub-20966/ses-1/dwi/sub-20966_ses-1_space-ACPC_desc-preproc_dwi.nii.gz	0.0	0.4621606361292396	0.1945012180678597	0.4508425891399383	0.4621606361292396	0.4508425891399383	0.1945012180678597	0.5155170916309456	0.5155170916309456	sub-20966	ses-1				space-ACPC			DSIStudio	autotrackgqi
ProjectionBrainstem_DentatorubrothalamicTract-rl	gfa	DSIStudio	/scratch/executivefunction/SLURM_8364170_114/job-8364170-114-sub-20966-ses-1/ds/inputs/data/qsiprep/qsiprep/sub-20966/ses-1/dwi/sub-20966_ses-1_space-ACPC_desc-preproc_dwi.nii.gz	0.0	0.0977353002299324	0.0390730100541585	0.0938055887818336	0.0977353002299324	0.0938055887818336	0.0390730100541585	0.1106592076371345	0.1106592076371345	sub-20966	ses-1				space-ACPC			DSIStudio	autotrackgqi
ProjectionBrainstem_DentatorubrothalamicTract-rl	ha	DSIStudio	/scratch/executivefunction/SLURM_8364170_114/job-8364170-114-sub-20966-ses-1/ds/inputs/data/qsiprep/qsiprep/sub-20966/ses-1/dwi/sub-20966_ses-1_space-ACPC_desc-preproc_dwi.nii.gz	0.0	11.550663545372348	36.38019024040149	13.045859336853027	11.550663545372348	13.045859336853027	36.38019024040149	19.913400290417865	19.913400290417865	sub-20966	ses-1				space-ACPC			DSIStudio	autotrackgqi
ProjectionBrainstem_DentatorubrothalamicTract-rl	iso	DSIStudio	/scratch/executivefunction/SLURM_8364170_114/job-8364170-114-sub-20966-ses-1/ds/inputs/data/qsiprep/qsiprep/sub-20966/ses-1/dwi/sub-20966_ses-1_space-ACPC_desc-preproc_dwi.nii.gz	0.0	0.5243116229834915	0.0948635893345637	0.5117709636688232	0.5243116229834915	0.5117709636688232	0.0948635893345637	0.4873529439879502	0.4873529439879502	sub-20966	ses-1				space-ACPC			DSIStudio	autotrackgqi
ProjectionBrainstem_DentatorubrothalamicTract-rl	md	DSIStudio	/scratch/executivefunction/SLURM_8364170_114/job-8364170-114-sub-20966-ses-1/ds/inputs/data/qsiprep/qsiprep/sub-20966/ses-1/dwi/sub-20966_ses-1_space-ACPC_desc-preproc_dwi.nii.gz	0.0	0.8036339625404469	0.3186546065897558	0.7294661402702332	0.8036339625404469	0.7294661402702332	0.3186546065897558	0.8561230986921744	0.8561230986921744	sub-20966	ses-1				space-ACPC			DSIStudio	autotrackgqi
ProjectionBrainstem_DentatorubrothalamicTract-rl	qa	DSIStudio	/scratch/executivefunction/SLURM_8364170_114/job-8364170-114-sub-20966-ses-1/ds/inputs/data/qsiprep/qsiprep/sub-20966/ses-1/dwi/sub-20966_ses-1_space-ACPC_desc-preproc_dwi.nii.gz	0.0	0.2325507448308138	0.102319539783623	0.2162917554378509	0.2325507448308138	0.2162917554378509	0.102319539783623	0.2529138636291992	0.2529138636291992	sub-20966	ses-1				space-ACPC			DSIStudio	autotrackgqi
ProjectionBrainstem_DentatorubrothalamicTract-rl	rd1	DSIStudio	/scratch/executivefunction/SLURM_8364170_114/job-8364170-114-sub-20966-ses-1/ds/inputs/data/qsiprep/qsiprep/sub-20966/ses-1/dwi/sub-20966_ses-1_space-ACPC_desc-preproc_dwi.nii.gz	0.0	0.6971623767619353	0.3468168091751061	0.6533036231994629	0.6971623767619353	0.6533036231994629	0.3468168091751061	0.7145555731442904	0.7145555731442904	sub-20966	ses-1				space-ACPC			DSIStudio	autotrackgqi
ProjectionBrainstem_DentatorubrothalamicTract-rl	rd2	DSIStudio	/scratch/executivefunction/SLURM_8364170_114/job-8364170-114-sub-20966-ses-1/ds/inputs/data/qsiprep/qsiprep/sub-20966/ses-1/dwi/sub-20966_ses-1_space-ACPC_desc-preproc_dwi.nii.gz	0.0	0.4828570094675597	0.333200528245654	0.4133576452732086	0.4828570094675597	0.4133576452732086	0.333200528245654	0.4911677271150838	0.4911677271150838	sub-20966	ses-1				space-ACPC			DSIStudio	autotrackgqi
ProjectionBrainstem_DentatorubrothalamicTract-rl	rd	DSIStudio	/scratch/executivefunction/SLURM_8364170_114/job-8364170-114-sub-20966-ses-1/ds/inputs/data/qsiprep/qsiprep/sub-20966/ses-1/dwi/sub-20966_ses-1_space-ACPC_desc-preproc_dwi.nii.gz	0.0	0.5900096941193776	0.3338280001116463	0.5364058017730713	0.5900096941193776	0.5364058017730713	0.3338280001116463	0.6028616478159865	0.6028616478159865	sub-20966	ses-1				space-ACPC			DSIStudio	autotrackgqi
ProjectionBrainstem_DentatorubrothalamicTract-rl	txx	DSIStudio	/scratch/executivefunction/SLURM_8364170_114/job-8364170-114-sub-20966-ses-1/ds/inputs/data/qsiprep/qsiprep/sub-20966/ses-1/dwi/sub-20966_ses-1_space-ACPC_desc-preproc_dwi.nii.gz	0.0	0.000733768914643	0.0003487304219631	0.0006705320556648	0.000733768914643	0.0006705320556648	0.0003487304219631	0.0007364285556999	0.0007364285556999	sub-20966	ses-1				space-ACPC			DSIStudio	autotrackgqi
ProjectionBrainstem_DentatorubrothalamicTract-rl	txy	DSIStudio	/scratch/executivefunction/SLURM_8364170_114/job-8364170-114-sub-20966-ses-1/ds/inputs/data/qsiprep/qsiprep/sub-20966/ses-1/dwi/sub-20966_ses-1_space-ACPC_desc-preproc_dwi.nii.gz	0.0	0.0001000323514374	0.0001883417480702	5.866270657861605e-05	0.0001000323514374	5.866270657861605e-05	0.0001883417480702	0.0001402760416216	0.0001402760416216	sub-20966	ses-1				space-ACPC			DSIStudio	autotrackgqi
ProjectionBrainstem_DentatorubrothalamicTract-rl	txz	DSIStudio	/scratch/executivefunction/SLURM_8364170_114/job-8364170-114-sub-20966-ses-1/ds/inputs/data/qsiprep/qsiprep/sub-20966/ses-1/dwi/sub-20966_ses-1_space-ACPC_desc-preproc_dwi.nii.gz	0.0	-2.886154443244368e-05	0.0001317364680334	-3.5691224184120074e-05	-2.886154443244368e-05	-3.5691224184120074e-05	0.0001317364680334	-4.7798878114296485e-05	-4.7798878114296485e-05	sub-20966	ses-1				space-ACPC			DSIStudio	autotrackgqi
ProjectionBrainstem_DentatorubrothalamicTract-rl	tyy	DSIStudio	/scratch/executivefunction/SLURM_8364170_114/job-8364170-114-sub-20966-ses-1/ds/inputs/data/qsiprep/qsiprep/sub-20966/ses-1/dwi/sub-20966_ses-1_space-ACPC_desc-preproc_dwi.nii.gz	0.0	0.0009107003759039	0.0004151135244096	0.0008428352302871	0.0009107003759039	0.0008428352302871	0.0004151135244096	0.0009573220765089	0.0009573220765089	sub-20966	ses-1				space-ACPC			DSIStudio	autotrackgqi
ProjectionBrainstem_DentatorubrothalamicTract-rl	tyz	DSIStudio	/scratch/executivefunction/SLURM_8364170_114/job-8364170-114-sub-20966-ses-1/ds/inputs/data/qsiprep/qsiprep/sub-20966/ses-1/dwi/sub-20966_ses-1_space-ACPC_desc-preproc_dwi.nii.gz	0.0	-0.0001302647457369	0.0001824300884031	-0.0001214439616887	-0.0001302647457369	-0.0001214439616887	0.0001824300884031	-0.0002233899806205	-0.0002233899806205	sub-20966	ses-1				space-ACPC			DSIStudio	autotrackgqi
ProjectionBrainstem_DentatorubrothalamicTract-rl	tzz	DSIStudio	/scratch/executivefunction/SLURM_8364170_114/job-8364170-114-sub-20966-ses-1/ds/inputs/data/qsiprep/qsiprep/sub-20966/ses-1/dwi/sub-20966_ses-1_space-ACPC_desc-preproc_dwi.nii.gz	0.0	0.0007664326022483	0.0003801613720892	0.0007190609467215	0.0007664326022483	0.0007190609467215	0.0003801613720892	0.0008746186619139	0.0008746186619139	sub-20966	ses-1				space-ACPC			DSIStudio	autotrackgqi
ProjectionBasalGanglia_FasciculusSubthalamicusR	ad	DSIStudio	/scratch/executivefunction/SLURM_8364170_114/job-8364170-114-sub-20966-ses-1/ds/inputs/data/qsiprep/qsiprep/sub-20966/ses-1/dwi/sub-20966_ses-1_space-ACPC_desc-preproc_dwi.nii.gz	0.0	1.3258997741794087	0.6168601072663652	1.1111401319503784	1.3258997741794087	1.1111401319503784	0.6168601072663652	1.2902964171789812	1.2902964171789812	sub-20966	ses-1				space-ACPC			DSIStudio	autotrackgqi
ProjectionBasalGanglia_FasciculusSubthalamicusR	dti_fa	DSIStudio	/scratch/executivefunction/SLURM_8364170_114/job-8364170-114-sub-20966-ses-1/ds/inputs/data/qsiprep/qsiprep/sub-20966/ses-1/dwi/sub-20966_ses-1_space-ACPC_desc-preproc_dwi.nii.gz	0.0	0.3739708868620907	0.1776713158003816	0.3305267691612243	0.3739708868620907	0.3305267691612243	0.1776713158003816	0.3857505661212607	0.3857505661212607	sub-20966	ses-1				space-ACPC			DSIStudio	autotrackgqi
ProjectionBasalGanglia_FasciculusSubthalamicusR	gfa	DSIStudio	/scratch/executivefunction/SLURM_8364170_114/job-8364170-114-sub-20966-ses-1/ds/inputs/data/qsiprep/qsiprep/sub-20966/ses-1/dwi/sub-20966_ses-1_space-ACPC_desc-preproc_dwi.nii.gz	0.0	0.0828612260413185	0.0362158592306451	0.0737271606922149	0.0828612260413185	0.0737271606922149	0.0362158592306451	0.0839218476672679	0.0839218476672679	sub-20966	ses-1				space-ACPC			DSIStudio	autotrackgqi
ProjectionBasalGanglia_FasciculusSubthalamicusR	ha	DSIStudio	/scratch/executivefunction/SLURM_8364170_114/job-8364170-114-sub-20966-ses-1/ds/inputs/data/qsiprep/qsiprep/sub-20966/ses-1/dwi/sub-20966_ses-1_space-ACPC_desc-preproc_dwi.nii.gz	0.0	16.287757209965385	44.38712200594155	30.482770919799805	16.287757209965385	30.482770919799805	44.38712200594155	24.265401948168865	24.265401948168865	sub-20966	ses-1				space-ACPC			DSIStudio	autotrackgqi
ProjectionBasalGanglia_FasciculusSubthalamicusR	iso	DSIStudio	/scratch/executivefunction/SLURM_8364170_114/job-8364170-114-sub-20966-ses-1/ds/inputs/data/qsiprep/qsiprep/sub-20966/ses-1/dwi/sub-20966_ses-1_space-ACPC_desc-preproc_dwi.nii.gz	0.0	0.4305483223568082	0.0843043789407061	0.4484429657459259	0.4305483223568082	0.4484429657459259	0.0843043789407061	0.4410090339658656	0.4410090339658656	sub-20966	ses-1				space-ACPC			DSIStudio	autotrackgqi
ProjectionBasalGanglia_FasciculusSubthalamicusR	md	DSIStudio	/scratch/executivefunction/SLURM_8364170_114/job-8364170-114-sub-20966-ses-1/ds/inputs/data/qsiprep/qsiprep/sub-20966/ses-1/dwi/sub-20966_ses-1_space-ACPC_desc-preproc_dwi.nii.gz	0.0	0.955189049992886	0.5538143281718241	0.7512034773826599	0.955189049992886	0.7512034773826599	0.5538143281718241	0.9189537082135604	0.9189537082135604	sub-20966	ses-1				space-ACPC			DSIStudio	autotrackgqi
ProjectionBasalGanglia_FasciculusSubthalamicusR	qa	DSIStudio	/scratch/executivefunction/SLURM_8364170_114/job-8364170-114-sub-20966-ses-1/ds/inputs/data/qsiprep/qsiprep/sub-20966/ses-1/dwi/sub-20966_ses-1_space-ACPC_desc-preproc_dwi.nii.gz	0.0	0.1628282310879979	0.0832164792186088	0.1406857371330261	0.1628282310879979	0.1406857371330261	0.0832164792186088	0.1674155003792158	0.1674155003792158	sub-20966	ses-1				space-ACPC			DSIStudio	autotrackgqi
ProjectionBasalGanglia_FasciculusSubthalamicusR	rd1	DSIStudio	/scratch/executivefunction/SLURM_8364170_114/job-8364170-114-sub-20966-ses-1/ds/inputs/data/qsiprep/qsiprep/sub-20966/ses-1/dwi/sub-20966_ses-1_space-ACPC_desc-preproc_dwi.nii.gz	0.0	0.8740931715328656	0.5685032594737536	0.704865038394928	0.8740931715328656	0.704865038394928	0.5685032594737536	0.8392030865571144	0.8392030865571144	sub-20966	ses-1				space-ACPC			DSIStudio	autotrackgqi
ProjectionBasalGanglia_FasciculusSubthalamicusR	rd2	DSIStudio	/scratch/executivefunction/SLURM_8364170_114/job-8364170-114-sub-20966-ses-1/ds/inputs/data/qsiprep/qsiprep/sub-20966/ses-1/dwi/sub-20966_ses-1_space-ACPC_desc-preproc_dwi.nii.gz	0.0	0.6655741872587754	0.5336339670109765	0.5171287059783936	0.6655741872587754	0.5171287059783936	0.5336339670109765	0.6273616098480277	0.6273616098480277	sub-20966	ses-1				space-ACPC			DSIStudio	autotrackgqi
ProjectionBasalGanglia_FasciculusSubthalamicusR	rd	DSIStudio	/scratch/executivefunction/SLURM_8364170_114/job-8364170-114-sub-20966-ses-1/ds/inputs/data/qsiprep/qsiprep/sub-20966/ses-1/dwi/sub-20966_ses-1_space-ACPC_desc-preproc_dwi.nii.gz	0.0	0.7698336804256389	0.5481177023232824	0.613408088684082	0.7698336804256389	0.613408088684082	0.5481177023232824	0.7332823493993921	0.7332823493993921	sub-20966	ses-1				space-ACPC			DSIStudio	autotrackgqi
ProjectionBasalGanglia_FasciculusSubthalamicusR	txx	DSIStudio	/scratch/executivefunction/SLURM_8364170_114/job-8364170-114-sub-20966-ses-1/ds/inputs/data/qsiprep/qsiprep/sub-20966/ses-1/dwi/sub-20966_ses-1_space-ACPC_desc-preproc_dwi.nii.gz	0.0	0.0008599189543457	0.000552813633271	0.0006899376166984	0.0008599189543457	0.0006899376166984	0.000552813633271	0.0008139175753997	0.0008139175753997	sub-20966	ses-1				space-ACPC			DSIStudio	autotrackgqi
ProjectionBasalGanglia_FasciculusSubthalamicusR	txy	DSIStudio	/scratch/executivefunction/SLURM_8364170_114/job-8364170-114-sub-20966-ses-1/ds/inputs/data/qsiprep/qsiprep/sub-20966/ses-1/dwi/sub-20966_ses-1_space-ACPC_desc-preproc_dwi.nii.gz	0.0	7.543229688878517e-05	0.0001185416092507	7.55691435188055e-05	7.543229688878517e-05	7.55691435188055e-05	0.0001185416092507	8.160908393615619e-05	8.160908393615619e-05	sub-20966	ses-1				space-ACPC			DSIStudio	autotrackgqi
ProjectionBasalGanglia_FasciculusSubthalamicusR	txz	DSIStudio	/scratch/executivefunction/SLURM_8364170_114/job-8364170-114-sub-20966-ses-1/ds/inputs/data/qsiprep/qsiprep/sub-20966/ses-1/dwi/sub-20966_ses-1_space-ACPC_desc-preproc_dwi.nii.gz	0.0	-9.128963559235708e-05	0.0001482111257689	-9.537571895634755e-05	-9.128963559235708e-05	-9.537571895634755e-05	0.0001482111257689	-9.882925730372364e-05	-9.882925730372364e-05	sub-20966	ses-1				space-ACPC			DSIStudio	autotrackgqi
ProjectionBasalGanglia_FasciculusSubthalamicusR	tyy	DSIStudio	/scratch/executivefunction/SLURM_8364170_114/job-8364170-114-sub-20966-ses-1/ds/inputs/data/qsiprep/qsiprep/sub-20966/ses-1/dwi/sub-20966_ses-1_space-ACPC_desc-preproc_dwi.nii.gz	0.0	0.0009307313272674	0.000583933074783	0.0007717311382293	0.0009307313272674	0.0007717311382293	0.000583933074783	0.0008857154956438	0.0008857154956438	sub-20966	ses-1				space-ACPC			DSIStudio	autotrackgqi
ProjectionBasalGanglia_FasciculusSubthalamicusR	tyz	DSIStudio	/scratch/executivefunction/SLURM_8364170_114/job-8364170-114-sub-20966-ses-1/ds/inputs/data/qsiprep/qsiprep/sub-20966/ses-1/dwi/sub-20966_ses-1_space-ACPC_desc-preproc_dwi.nii.gz	0.0	-9.720766654461016e-05	0.0001763236168443	-8.49817952257581e-05	-9.720766654461016e-05	-8.49817952257581e-05	0.0001763236168443	-0.0001344802631912	-0.0001344802631912	sub-20966	ses-1				space-ACPC			DSIStudio	autotrackgqi
ProjectionBasalGanglia_FasciculusSubthalamicusR	tzz	DSIStudio	/scratch/executivefunction/SLURM_8364170_114/job-8364170-114-sub-20966-ses-1/ds/inputs/data/qsiprep/qsiprep/sub-20966/ses-1/dwi/sub-20966_ses-1_space-ACPC_desc-preproc_dwi.nii.gz	0.0	0.0010749168539509	0.0006038241377316	0.0008713803836144	0.0010749168539509	0.0008713803836144	0.0006038241377316	0.0010572280431733	0.0010572280431733	sub-20966	ses-1				space-ACPC			DSIStudio	autotrackgqi
ProjectionBasalGanglia_AnsaSubthalamicaL	ad	DSIStudio	/scratch/executivefunction/SLURM_8364170_114/job-8364170-114-sub-20966-ses-1/ds/inputs/data/qsiprep/qsiprep/sub-20966/ses-1/dwi/sub-20966_ses-1_space-ACPC_desc-preproc_dwi.nii.gz	0.0	1.306975950695406	0.5886433948586623	1.1285297870635986	1.306975950695406	1.1285297870635986	0.5886433948586623	1.359132911560743	1.359132911560743	sub-20966	ses-1				space-ACPC			DSIStudio	autotrackgqi
ProjectionBasalGanglia_AnsaSubthalamicaL	dti_fa	DSIStudio	/scratch/executivefunction/SLURM_8364170_114/job-8364170-114-sub-20966-ses-1/ds/inputs/data/qsiprep/qsiprep/sub-20966/ses-1/dwi/sub-20966_ses-1_space-ACPC_desc-preproc_dwi.nii.gz	0.0	0.3651462804135967	0.1488520580989729	0.3526256084442138	0.3651462804135967	0.3526256084442138	0.1488520580989729	0.42402116095376	0.42402116095376	sub-20966	ses-1				space-ACPC			DSIStudio	autotrackgqi
ProjectionBasalGanglia_AnsaSubthalamicaL	gfa	DSIStudio	/scratch/executivefunction/SLURM_8364170_114/job-8364170-114-sub-20966-ses-1/ds/inputs/data/qsiprep/qsiprep/sub-20966/ses-1/dwi/sub-20966_ses-1_space-ACPC_desc-preproc_dwi.nii.gz	0.0	0.0788088143541185	0.0308068925201364	0.0742070823907852	0.0788088143541185	0.0742070823907852	0.0308068925201364	0.0911396816884719	0.0911396816884719	sub-20966	ses-1				space-ACPC			DSIStudio	autotrackgqi
ProjectionBasalGanglia_AnsaSubthalamicaL	ha	DSIStudio	/scratch/executivefunction/SLURM_8364170_114/job-8364170-114-sub-20966-ses-1/ds/inputs/data/qsiprep/qsiprep/sub-20966/ses-1/dwi/sub-20966_ses-1_space-ACPC_desc-preproc_dwi.nii.gz	0.0	3.678374483722436	32.88231859482207	6.754934310913086	3.678374483722436	6.754934310913086	32.88231859482207	8.014706258474414	8.014706258474414	sub-20966	ses-1				space-ACPC			DSIStudio	autotrackgqi
ProjectionBasalGanglia_AnsaSubthalamicaL	iso	DSIStudio	/scratch/executivefunction/SLURM_8364170_114/job-8364170-114-sub-20966-ses-1/ds/inputs/data/qsiprep/qsiprep/sub-20966/ses-1/dwi/sub-20966_ses-1_space-ACPC_desc-preproc_dwi.nii.gz	0.0	0.4381395176022449	0.0996939564635363	0.4526561200618744	0.4381395176022449	0.4526561200618744	0.0996939564635363	0.4430663704407743	0.4430663704407743	sub-20966	ses-1				space-ACPC			DSIStudio	autotrackgqi
ProjectionBasalGanglia_AnsaSubthalamicaL	md	DSIStudio	/scratch/executivefunction/SLURM_8364170_114/job-8364170-114-sub-20966-ses-1/ds/inputs/data/qsiprep/qsiprep/sub-20966/ses-1/dwi/sub-20966_ses-1_space-ACPC_desc-preproc_dwi.nii.gz	0.0	0.9446089518021265	0.5150924932043484	0.7949140667915344	0.9446089518021265	0.7949140667915344	0.5150924932043484	0.9219138695439196	0.9219138695439196	sub-20966	ses-1				space-ACPC			DSIStudio	autotrackgqi
ProjectionBasalGanglia_AnsaSubthalamicaL	qa	DSIStudio	/scratch/executivefunction/SLURM_8364170_114/job-8364170-114-sub-20966-ses-1/ds/inputs/data/qsiprep/qsiprep/sub-20966/ses-1/dwi/sub-20966_ses-1_space-ACPC_desc-preproc_dwi.nii.gz	0.0	0.1538765634767696	0.0669980956255413	0.1473783999681472	0.1538765634767696	0.1473783999681472	0.0669980956255413	0.1806525764282824	0.1806525764282824	sub-20966	ses-1				space-ACPC			DSIStudio	autotrackgqi
ProjectionBasalGanglia_AnsaSubthalamicaL	rd1	DSIStudio	/scratch/executivefunction/SLURM_8364170_114/job-8364170-114-sub-20966-ses-1/ds/inputs/data/qsiprep/qsiprep/sub-20966/ses-1/dwi/sub-20966_ses-1_space-ACPC_desc-preproc_dwi.nii.gz	0.0	0.8681238481518669	0.514905972384296	0.735709547996521	0.8681238481518669	0.735709547996521	0.514905972384296	0.8042832783824347	0.8042832783824347	sub-20966	ses-1				space-ACPC			DSIStudio	autotrackgqi
ProjectionBasalGanglia_AnsaSubthalamicaL	rd2	DSIStudio	/scratch/executivefunction/SLURM_8364170_114/job-8364170-114-sub-20966-ses-1/ds/inputs/data/qsiprep/qsiprep/sub-20966/ses-1/dwi/sub-20966_ses-1_space-ACPC_desc-preproc_dwi.nii.gz	0.0	0.6587270624797936	0.4990999759227249	0.5249462723731995	0.6587270624797936	0.5249462723731995	0.4990999759227249	0.6023254201314343	0.6023254201314343	sub-20966	ses-1				space-ACPC			DSIStudio	autotrackgqi
ProjectionBasalGanglia_AnsaSubthalamicaL	rd	DSIStudio	/scratch/executivefunction/SLURM_8364170_114/job-8364170-114-sub-20966-ses-1/ds/inputs/data/qsiprep/qsiprep/sub-20966/ses-1/dwi/sub-20966_ses-1_space-ACPC_desc-preproc_dwi.nii.gz	0.0	0.7634254541607608	0.5037570469821442	0.6254557967185974	0.7634254541607608	0.6254557967185974	0.5037570469821442	0.7033043501301396	0.7033043501301396	sub-20966	ses-1				space-ACPC			DSIStudio	autotrackgqi
ProjectionBasalGanglia_AnsaSubthalamicaL	txx	DSIStudio	/scratch/executivefunction/SLURM_8364170_114/job-8364170-114-sub-20966-ses-1/ds/inputs/data/qsiprep/qsiprep/sub-20966/ses-1/dwi/sub-20966_ses-1_space-ACPC_desc-preproc_dwi.nii.gz	0.0	0.0009719549004276	0.0005384717989167	0.0008044313290156	0.0009719549004276	0.0008044313290156	0.0005384717989167	0.0009959932883974	0.0009959932883974	sub-20966	ses-1				space-ACPC			DSIStudio	autotrackgqi
ProjectionBasalGanglia_AnsaSubthalamicaL	txy	DSIStudio	/scratch/executivefunction/SLURM_8364170_114/job-8364170-114-sub-20966-ses-1/ds/inputs/data/qsiprep/qsiprep/sub-20966/ses-1/dwi/sub-20966_ses-1_space-ACPC_desc-preproc_dwi.nii.gz	0.0	2.286053431795388e-05	0.0001946707365686	5.545612566493219e-06	2.286053431795388e-05	5.545612566493219e-06	0.0001946707365686	5.800074011542938e-05	5.800074011542938e-05	sub-20966	ses-1				space-ACPC			DSIStudio	autotrackgqi
ProjectionBasalGanglia_AnsaSubthalamicaL	txz	DSIStudio	/scratch/executivefunction/SLURM_8364170_114/job-8364170-114-sub-20966-ses-1/ds/inputs/data/qsiprep/qsiprep/sub-20966/ses-1/dwi/sub-20966_ses-1_space-ACPC_desc-preproc_dwi.nii.gz	0.0	8.44306516905054e-05	0.000145807047703	9.079635492525996e-05	8.44306516905054e-05	9.079635492525996e-05	0.000145807047703	0.0001125545933828	0.0001125545933828	sub-20966	ses-1				space-ACPC			DSIStudio	autotrackgqi
ProjectionBasalGanglia_AnsaSubthalamicaL	tyy	DSIStudio	/scratch/executivefunction/SLURM_8364170_114/job-8364170-114-sub-20966-ses-1/ds/inputs/data/qsiprep/qsiprep/sub-20966/ses-1/dwi/sub-20966_ses-1_space-ACPC_desc-preproc_dwi.nii.gz	0.0	0.0009663010696647	0.0005588031661001	0.0008301752968691	0.0009663010696647	0.0008301752968691	0.0005588031661001	0.0009209243477641	0.0009209243477641	sub-20966	ses-1				space-ACPC			DSIStudio	autotrackgqi
ProjectionBasalGanglia_AnsaSubthalamicaL	tyz	DSIStudio	/scratch/executivefunction/SLURM_8364170_114/job-8364170-114-sub-20966-ses-1/ds/inputs/data/qsiprep/qsiprep/sub-20966/ses-1/dwi/sub-20966_ses-1_space-ACPC_desc-preproc_dwi.nii.gz	0.0	-2.153035078813016e-05	0.0001614548980875	-2.520289308449719e-05	-2.153035078813016e-05	-2.520289308449719e-05	0.0001614548980875	-4.299127311774256e-06	-4.299127311774256e-06	sub-20966	ses-1				space-ACPC			DSIStudio	autotrackgqi
ProjectionBasalGanglia_AnsaSubthalamicaL	tzz	DSIStudio	/scratch/executivefunction/SLURM_8364170_114/job-8364170-114-sub-20966-ses-1/ds/inputs/data/qsiprep/qsiprep/sub-20966/ses-1/dwi/sub-20966_ses-1_space-ACPC_desc-preproc_dwi.nii.gz	0.0	0.0008955708925647	0.0005358215922672	0.0007322592427954	0.0008955708925647	0.0007322592427954	0.0005358215922672	0.0008488239809104	0.0008488239809104	sub-20966	ses-1				space-ACPC			DSIStudio	autotrackgqi
ProjectionBrainstem_CorticospinalTractL	ad	DSIStudio	/scratch/executivefunction/SLURM_8364170_114/job-8364170-114-sub-20966-ses-1/ds/inputs/data/qsiprep/qsiprep/sub-20966/ses-1/dwi/sub-20966_ses-1_space-ACPC_desc-preproc_dwi.nii.gz	0.0	1.2227907272992211	0.3101795264444272	1.145740628242493	1.2227907272992211	1.145740628242493	0.3101795264444272	1.2945901548250642	1.2945901548250642	sub-20966	ses-1				space-ACPC			DSIStudio	autotrackgqi
ProjectionBrainstem_CorticospinalTractL	dti_fa	DSIStudio	/scratch/executivefunction/SLURM_8364170_114/job-8364170-114-sub-20966-ses-1/ds/inputs/data/qsiprep/qsiprep/sub-20966/ses-1/dwi/sub-20966_ses-1_space-ACPC_desc-preproc_dwi.nii.gz	0.0	0.4825317447956566	0.1940362756374113	0.4864817559719085	0.4825317447956566	0.4864817559719085	0.1940362756374113	0.5499292558199007	0.5499292558199007	sub-20966	ses-1				space-ACPC			DSIStudio	autotrackgqi
ProjectionBrainstem_CorticospinalTractL	gfa	DSIStudio	/scratch/executivefunction/SLURM_8364170_114/job-8364170-114-sub-20966-ses-1/ds/inputs/data/qsiprep/qsiprep/sub-20966/ses-1/dwi/sub-20966_ses-1_space-ACPC_desc-preproc_dwi.nii.gz	0.0	0.1026089626596689	0.0408698132346762	0.0989350900053978	0.1026089626596689	0.0989350900053978	0.0408698132346762	0.1178749710659608	0.1178749710659608	sub-20966	ses-1				space-ACPC			DSIStudio	autotrackgqi
ProjectionBrainstem_CorticospinalTractL	ha	DSIStudio	/scratch/executivefunction/SLURM_8364170_114/job-8364170-114-sub-20966-ses-1/ds/inputs/data/qsiprep/qsiprep/sub-20966/ses-1/dwi/sub-20966_ses-1_space-ACPC_desc-preproc_dwi.nii.gz	0.0	13.627309692232636	57.22576194515369	38.73460006713867	13.627309692232636	38.73460006713867	57.22576194515369	16.60820579181149	16.60820579181149	sub-20966	ses-1				space-ACPC			DSIStudio	autotrackgqi
ProjectionBrainstem_CorticospinalTractL	iso	DSIStudio	/scratch/executivefunction/SLURM_8364170_114/job-8364170-114-sub-20966-ses-1/ds/inputs/data/qsiprep/qsiprep/sub-20966/ses-1/dwi/sub-20966_ses-1_space-ACPC_desc-preproc_dwi.nii.gz	0.0	0.5273942921866369	0.0599805101259685	0.5286530256271362	0.5273942921866369	0.5286530256271362	0.0599805101259685	0.5400334407102884	0.5400334407102884	sub-20966	ses-1				space-ACPC			DSIStudio	autotrackgqi
ProjectionBrainstem_CorticospinalTractL	md	DSIStudio	/scratch/executivefunction/SLURM_8364170_114/job-8364170-114-sub-20966-ses-1/ds/inputs/data/qsiprep/qsiprep/sub-20966/ses-1/dwi/sub-20966_ses-1_space-ACPC_desc-preproc_dwi.nii.gz	0.0	0.7720146561901496	0.2027447622761571	0.7267565131187439	0.7720146561901496	0.7267565131187439	0.2027447622761571	0.7598969562078168	0.7598969562078168	sub-20966	ses-1				space-ACPC			DSIStudio	autotrackgqi
ProjectionBrainstem_CorticospinalTractL	qa	DSIStudio	/scratch/executivefunction/SLURM_8364170_114/job-8364170-114-sub-20966-ses-1/ds/inputs/data/qsiprep/qsiprep/sub-20966/ses-1/dwi/sub-20966_ses-1_space-ACPC_desc-preproc_dwi.nii.gz	0.0	0.2585316183855544	0.1231744735261365	0.2385905385017395	0.2585316183855544	0.2385905385017395	0.1231744735261365	0.3096918822161256	0.3096918822161256	sub-20966	ses-1				space-ACPC			DSIStudio	autotrackgqi
ProjectionBrainstem_CorticospinalTractL	rd1	DSIStudio	/scratch/executivefunction/SLURM_8364170_114/job-8364170-114-sub-20966-ses-1/ds/inputs/data/qsiprep/qsiprep/sub-20966/ses-1/dwi/sub-20966_ses-1_space-ACPC_desc-preproc_dwi.nii.gz	0.0	0.653947234506577	0.2392603788611084	0.6328378319740295	0.653947234506577	0.6328378319740295	0.2392603788611084	0.6017863067012266	0.6017863067012266	sub-20966	ses-1				space-ACPC			DSIStudio	autotrackgqi
ProjectionBrainstem_CorticospinalTractL	rd2	DSIStudio	/scratch/executivefunction/SLURM_8364170_114/job-8364170-114-sub-20966-ses-1/ds/inputs/data/qsiprep/qsiprep/sub-20966/ses-1/dwi/sub-20966_ses-1_space-ACPC_desc-preproc_dwi.nii.gz	0.0	0.4393060057436505	0.2472416994883394	0.3959448039531708	0.4393060057436505	0.3959448039531708	0.2472416994883394	0.3833144073117909	0.3833144073117909	sub-20966	ses-1				space-ACPC			DSIStudio	autotrackgqi
ProjectionBrainstem_CorticospinalTractL	rd	DSIStudio	/scratch/executivefunction/SLURM_8364170_114/job-8364170-114-sub-20966-ses-1/ds/inputs/data/qsiprep/qsiprep/sub-20966/ses-1/dwi/sub-20966_ses-1_space-ACPC_desc-preproc_dwi.nii.gz	0.0	0.5466266203768722	0.2363886956858101	0.5096675753593445	0.5466266203768722	0.5096675753593445	0.2363886956858101	0.4925503571570849	0.4925503571570849	sub-20966	ses-1				space-ACPC			DSIStudio	autotrackgqi
ProjectionBrainstem_CorticospinalTractL	txx	DSIStudio	/scratch/executivefunction/SLURM_8364170_114/job-8364170-114-sub-20966-ses-1/ds/inputs/data/qsiprep/qsiprep/sub-20966/ses-1/dwi/sub-20966_ses-1_space-ACPC_desc-preproc_dwi.nii.gz	0.0	0.000697022292821	0.0002668506486855	0.0006662268424406	0.000697022292821	0.0006662268424406	0.0002668506486855	0.0006597691806395	0.0006597691806395	sub-20966	ses-1				space-ACPC			DSIStudio	autotrackgqi
ProjectionBrainstem_CorticospinalTractL	txy	DSIStudio	/scratch/executivefunction/SLURM_8364170_114/job-8364170-114-sub-20966-ses-1/ds/inputs/data/qsiprep/qsiprep/sub-20966/ses-1/dwi/sub-20966_ses-1_space-ACPC_desc-preproc_dwi.nii.gz	0.0	-2.4883247404343667e-05	0.0001007246963818	-2.6869214707403444e-05	-2.4883247404343667e-05	-2.6869214707403444e-05	0.0001007246963818	-2.2110422897024714e-05	-2.2110422897024714e-05	sub-20966	ses-1				space-ACPC			DSIStudio	autotrackgqi
ProjectionBrainstem_CorticospinalTractL	txz	DSIStudio	/scratch/executivefunction/SLURM_8364170_114/job-8364170-114-sub-20966-ses-1/ds/inputs/data/qsiprep/qsiprep/sub-20966/ses-1/dwi/sub-20966_ses-1_space-ACPC_desc-preproc_dwi.nii.gz	0.0	6.753064673955964e-05	0.0002131891205217	2.8359929274301976e-05	6.753064673955964e-05	2.8359929274301976e-05	0.0002131891205217	0.0001412688426739	0.0001412688426739	sub-20966	ses-1				space-ACPC			DSIStudio	autotrackgqi
ProjectionBrainstem_CorticospinalTractL	tyy	DSIStudio	/scratch/executivefunction/SLURM_8364170_114/job-8364170-114-sub-20966-ses-1/ds/inputs/data/qsiprep/qsiprep/sub-20966/ses-1/dwi/sub-20966_ses-1_space-ACPC_desc-preproc_dwi.nii.gz	0.0	0.0005881368079053	0.0002796913569421	0.0005486641894094	0.0005881368079053	0.0005486641894094	0.0002796913569421	0.0005396415697999	0.0005396415697999	sub-20966	ses-1				space-ACPC			DSIStudio	autotrackgqi
ProjectionBrainstem_CorticospinalTractL	tyz	DSIStudio	/scratch/executivefunction/SLURM_8364170_114/job-8364170-114-sub-20966-ses-1/ds/inputs/data/qsiprep/qsiprep/sub-20966/ses-1/dwi/sub-20966_ses-1_space-ACPC_desc-preproc_dwi.nii.gz	0.0	2.5420759935329363e-05	0.0001951163190889	2.671794027264696e-05	2.5420759935329363e-05	2.671794027264696e-05	0.0001951163190889	5.3566102415577695e-05	5.3566102415577695e-05	sub-20966	ses-1				space-ACPC			DSIStudio	autotrackgqi
ProjectionBrainstem_CorticospinalTractL	tzz	DSIStudio	/scratch/executivefunction/SLURM_8364170_114/job-8364170-114-sub-20966-ses-1/ds/inputs/data/qsiprep/qsiprep/sub-20966/ses-1/dwi/sub-20966_ses-1_space-ACPC_desc-preproc_dwi.nii.gz	0.0	0.0010308848661853	0.000295891339338	0.0010037436150014	0.0010308848661853	0.0010037436150014	0.000295891339338	0.0010802801185118	0.0010802801185118	sub-20966	ses-1				space-ACPC			DSIStudio	autotrackgqi
ProjectionBasalGanglia_AnsaLenticularisL	ad	DSIStudio	/scratch/executivefunction/SLURM_8364170_114/job-8364170-114-sub-20966-ses-1/ds/inputs/data/qsiprep/qsiprep/sub-20966/ses-1/dwi/sub-20966_ses-1_space-ACPC_desc-preproc_dwi.nii.gz	0.0	1.263280984624831	0.5080777876800785	1.093561768531799	1.263280984624831	1.093561768531799	0.5080777876800785	1.112959167504879	1.112959167504879	sub-20966	ses-1				space-ACPC			DSIStudio	autotrackgqi
ProjectionBasalGanglia_AnsaLenticularisL	dti_fa	DSIStudio	/scratch/executivefunction/SLURM_8364170_114/job-8364170-114-sub-20966-ses-1/ds/inputs/data/qsiprep/qsiprep/sub-20966/ses-1/dwi/sub-20966_ses-1_space-ACPC_desc-preproc_dwi.nii.gz	0.0	0.3146015259828816	0.1317909219106232	0.3048547804355621	0.3146015259828816	0.3048547804355621	0.1317909219106232	0.3256828289453687	0.3256828289453687	sub-20966	ses-1				space-ACPC			DSIStudio	autotrackgqi
ProjectionBasalGanglia_AnsaLenticularisL	gfa	DSIStudio	/scratch/executivefunction/SLURM_8364170_114/job-8364170-114-sub-20966-ses-1/ds/inputs/data/qsiprep/qsiprep/sub-20966/ses-1/dwi/sub-20966_ses-1_space-ACPC_desc-preproc_dwi.nii.gz	0.0	0.0703253304638906	0.0258546303058798	0.0680903568863868	0.0703253304638906	0.0680903568863868	0.0258546303058798	0.068252138101748	0.068252138101748	sub-20966	ses-1				space-ACPC			DSIStudio	autotrackgqi
ProjectionBasalGanglia_AnsaLenticularisL	ha	DSIStudio	/scratch/executivefunction/SLURM_8364170_114/job-8364170-114-sub-20966-ses-1/ds/inputs/data/qsiprep/qsiprep/sub-20966/ses-1/dwi/sub-20966_ses-1_space-ACPC_desc-preproc_dwi.nii.gz	0.0	2.1464426967788044	33.67280668912672	2.472025156021118	2.1464426967788044	2.472025156021118	33.67280668912672	1.9833166677932343	1.9833166677932343	sub-20966	ses-1				space-ACPC			DSIStudio	autotrackgqi
ProjectionBasalGanglia_AnsaLenticularisL	iso	DSIStudio	/scratch/executivefunction/SLURM_8364170_114/job-8364170-114-sub-20966-ses-1/ds/inputs/data/qsiprep/qsiprep/sub-20966/ses-1/dwi/sub-20966_ses-1_space-ACPC_desc-preproc_dwi.nii.gz	0.0	0.4501030466453669	0.0830806750498018	0.463290274143219	0.4501030466453669	0.463290274143219	0.0830806750498018	0.4724574060509809	0.4724574060509809	sub-20966	ses-1				space-ACPC			DSIStudio	autotrackgqi
ProjectionBasalGanglia_AnsaLenticularisL	md	DSIStudio	/scratch/executivefunction/SLURM_8364170_114/job-8364170-114-sub-20966-ses-1/ds/inputs/data/qsiprep/qsiprep/sub-20966/ses-1/dwi/sub-20966_ses-1_space-ACPC_desc-preproc_dwi.nii.gz	0.0	0.9592391483526992	0.459822567218799	0.7925572991371155	0.9592391483526992	0.7925572991371155	0.459822567218799	0.8319668493331274	0.8319668493331274	sub-20966	ses-1				space-ACPC			DSIStudio	autotrackgqi
ProjectionBasalGanglia_AnsaLenticularisL	qa	DSIStudio	/scratch/executivefunction/SLURM_8364170_114/job-8364170-114-sub-20966-ses-1/ds/inputs/data/qsiprep/qsiprep/sub-20966/ses-1/dwi/sub-20966_ses-1_space-ACPC_desc-preproc_dwi.nii.gz	0.0	0.139064810552169	0.0538037918163751	0.1346295624971389	0.139064810552169	0.1346295624971389	0.0538037918163751	0.1410547473116656	0.1410547473116656	sub-20966	ses-1				space-ACPC			DSIStudio	autotrackgqi
ProjectionBasalGanglia_AnsaLenticularisL	rd1	DSIStudio	/scratch/executivefunction/SLURM_8364170_114/job-8364170-114-sub-20966-ses-1/ds/inputs/data/qsiprep/qsiprep/sub-20966/ses-1/dwi/sub-20966_ses-1_space-ACPC_desc-preproc_dwi.nii.gz	0.0	0.911295312836542	0.4627653692063775	0.7714740633964539	0.911295312836542	0.7714740633964539	0.4627653692063775	0.798042670057771	0.798042670057771	sub-20966	ses-1				space-ACPC			DSIStudio	autotrackgqi
ProjectionBasalGanglia_AnsaLenticularisL	rd2	DSIStudio	/scratch/executivefunction/SLURM_8364170_114/job-8364170-114-sub-20966-ses-1/ds/inputs/data/qsiprep/qsiprep/sub-20966/ses-1/dwi/sub-20966_ses-1_space-ACPC_desc-preproc_dwi.nii.gz	0.0	0.7031411469419231	0.4477442890532569	0.5627013444900513	0.7031411469419231	0.5627013444900513	0.4477442890532569	0.5848987162158213	0.5848987162158213	sub-20966	ses-1				space-ACPC			DSIStudio	autotrackgqi
ProjectionBasalGanglia_AnsaLenticularisL	rd	DSIStudio	/scratch/executivefunction/SLURM_8364170_114/job-8364170-114-sub-20966-ses-1/ds/inputs/data/qsiprep/qsiprep/sub-20966/ses-1/dwi/sub-20966_ses-1_space-ACPC_desc-preproc_dwi.nii.gz	0.0	0.8072182302638263	0.4521392358795135	0.6599613428115845	0.8072182302638263	0.6599613428115845	0.4521392358795135	0.6914706933395026	0.6914706933395026	sub-20966	ses-1				space-ACPC			DSIStudio	autotrackgqi
ProjectionBasalGanglia_AnsaLenticularisL	txx	DSIStudio	/scratch/executivefunction/SLURM_8364170_114/job-8364170-114-sub-20966-ses-1/ds/inputs/data/qsiprep/qsiprep/sub-20966/ses-1/dwi/sub-20966_ses-1_space-ACPC_desc-preproc_dwi.nii.gz	0.0	0.00089180552142	0.0004587654975563	0.0007535107433795	0.00089180552142	0.0007535107433795	0.0004587654975563	0.0007356088434791	0.0007356088434791	sub-20966	ses-1				space-ACPC			DSIStudio	autotrackgqi
ProjectionBasalGanglia_AnsaLenticularisL	txy	DSIStudio	/scratch/executivefunction/SLURM_8364170_114/job-8364170-114-sub-20966-ses-1/ds/inputs/data/qsiprep/qsiprep/sub-20966/ses-1/dwi/sub-20966_ses-1_space-ACPC_desc-preproc_dwi.nii.gz	0.0	-1.3065642297123704e-05	0.0001359652278489	-2.0965739167877476e-05	-1.3065642297123704e-05	-2.0965739167877476e-05	0.0001359652278489	-4.2777343025262926e-05	-4.2777343025262926e-05	sub-20966	ses-1				space-ACPC			DSIStudio	autotrackgqi
ProjectionBasalGanglia_AnsaLenticularisL	txz	DSIStudio	/scratch/executivefunction/SLURM_8364170_114/job-8364170-114-sub-20966-ses-1/ds/inputs/data/qsiprep/qsiprep/sub-20966/ses-1/dwi/sub-20966_ses-1_space-ACPC_desc-preproc_dwi.nii.gz	0.0	4.239237343483316e-05	0.000105656491413	4.619954052031972e-05	4.239237343483316e-05	4.619954052031972e-05	0.000105656491413	4.0802082616844674e-05	4.0802082616844674e-05	sub-20966	ses-1				space-ACPC			DSIStudio	autotrackgqi
ProjectionBasalGanglia_AnsaLenticularisL	tyy	DSIStudio	/scratch/executivefunction/SLURM_8364170_114/job-8364170-114-sub-20966-ses-1/ds/inputs/data/qsiprep/qsiprep/sub-20966/ses-1/dwi/sub-20966_ses-1_space-ACPC_desc-preproc_dwi.nii.gz	0.0	0.001066078629225	0.0005053884560656	0.0009278881479986	0.001066078629225	0.0009278881479986	0.0005053884560656	0.0009558778533835	0.0009558778533835	sub-20966	ses-1				space-ACPC			DSIStudio	autotrackgqi
ProjectionBasalGanglia_AnsaLenticularisL	tyz	DSIStudio	/scratch/executivefunction/SLURM_8364170_114/job-8364170-114-sub-20966-ses-1/ds/inputs/data/qsiprep/qsiprep/sub-20966/ses-1/dwi/sub-20966_ses-1_space-ACPC_desc-preproc_dwi.nii.gz	0.0	5.92504118161553e-06	0.0001292319578142	8.413267096329946e-06	5.92504118161553e-06	8.413267096329946e-06	0.0001292319578142	1.420438879594609e-05	1.420438879594609e-05	sub-20966	ses-1				space-ACPC			DSIStudio	autotrackgqi
ProjectionBasalGanglia_AnsaLenticularisL	tzz	DSIStudio	/scratch/executivefunction/SLURM_8364170_114/job-8364170-114-sub-20966-ses-1/ds/inputs/data/qsiprep/qsiprep/sub-20966/ses-1/dwi/sub-20966_ses-1_space-ACPC_desc-preproc_dwi.nii.gz	0.0	0.000919833293165	0.0005029817289584	0.0007642905111424	0.000919833293165	0.0007642905111424	0.0005029817289584	0.0008044138542519	0.0008044138542519	sub-20966	ses-1				space-ACPC			DSIStudio	autotrackgqi
ProjectionBasalGanglia_OpticRadiationL	ad	DSIStudio	/scratch/executivefunction/SLURM_8364170_114/job-8364170-114-sub-20966-ses-1/ds/inputs/data/qsiprep/qsiprep/sub-20966/ses-1/dwi/sub-20966_ses-1_space-ACPC_desc-preproc_dwi.nii.gz	0.0	1.287724482426455	0.4388185451692517	1.1846829652786257	1.287724482426455	1.1846829652786257	0.4388185451692517	1.2622633110559005	1.2622633110559005	sub-20966	ses-1				space-ACPC			DSIStudio	autotrackgqi
ProjectionBasalGanglia_OpticRadiationL	dti_fa	DSIStudio	/scratch/executivefunction/SLURM_8364170_114/job-8364170-114-sub-20966-ses-1/ds/inputs/data/qsiprep/qsiprep/sub-20966/ses-1/dwi/sub-20966_ses-1_space-ACPC_desc-preproc_dwi.nii.gz	0.0	0.4208374537221317	0.2097832187108124	0.4231770932674408	0.4208374537221317	0.4231770932674408	0.2097832187108124	0.5342359497060785	0.5342359497060785	sub-20966	ses-1				space-ACPC			DSIStudio	autotrackgqi
ProjectionBasalGanglia_OpticRadiationL	gfa	DSIStudio	/scratch/executivefunction/SLURM_8364170_114/job-8364170-114-sub-20966-ses-1/ds/inputs/data/qsiprep/qsiprep/sub-20966/ses-1/dwi/sub-20966_ses-1_space-ACPC_desc-preproc_dwi.nii.gz	0.0	0.0908919131451801	0.0445682669209791	0.0887599065899849	0.0908919131451801	0.0887599065899849	0.0445682669209791	0.1144286950040239	0.1144286950040239	sub-20966	ses-1				space-ACPC			DSIStudio	autotrackgqi
ProjectionBasalGanglia_OpticRadiationL	ha	DSIStudio	/scratch/executivefunction/SLURM_8364170_114/job-8364170-114-sub-20966-ses-1/ds/inputs/data/qsiprep/qsiprep/sub-20966/ses-1/dwi/sub-20966_ses-1_space-ACPC_desc-preproc_dwi.nii.gz	0.0	0.3803168971669745	30.17843818403352	4.308494567871094	0.3803168971669745	4.308494567871094	30.17843818403352	0.6531500788077675	0.6531500788077675	sub-20966	ses-1				space-ACPC			DSIStudio	autotrackgqi
ProjectionBasalGanglia_OpticRadiationL	iso	DSIStudio	/scratch/executivefunction/SLURM_8364170_114/job-8364170-114-sub-20966-ses-1/ds/inputs/data/qsiprep/qsiprep/sub-20966/ses-1/dwi/sub-20966_ses-1_space-ACPC_desc-preproc_dwi.nii.gz	0.0	0.5000517432103936	0.1375574127517591	0.4824862480163574	0.5000517432103936	0.4824862480163574	0.1375574127517591	0.4766580447543025	0.4766580447543025	sub-20966	ses-1				space-ACPC			DSIStudio	autotrackgqi
ProjectionBasalGanglia_OpticRadiationL	md	DSIStudio	/scratch/executivefunction/SLURM_8364170_114/job-8364170-114-sub-20966-ses-1/ds/inputs/data/qsiprep/qsiprep/sub-20966/ses-1/dwi/sub-20966_ses-1_space-ACPC_desc-preproc_dwi.nii.gz	0.0	0.883450171701195	0.4018035452068881	0.7570710182189941	0.883450171701195	0.7570710182189941	0.4018035452068881	0.7622451825090907	0.7622451825090907	sub-20966	ses-1				space-ACPC			DSIStudio	autotrackgqi
ProjectionBasalGanglia_OpticRadiationL	qa	DSIStudio	/scratch/executivefunction/SLURM_8364170_114/job-8364170-114-sub-20966-ses-1/ds/inputs/data/qsiprep/qsiprep/sub-20966/ses-1/dwi/sub-20966_ses-1_space-ACPC_desc-preproc_dwi.nii.gz	0.0	0.2046529983007638	0.1017463203785918	0.2153034806251526	0.2046529983007638	0.2153034806251526	0.1017463203785918	0.2551520104133911	0.2551520104133911	sub-20966	ses-1				space-ACPC			DSIStudio	autotrackgqi
ProjectionBasalGanglia_OpticRadiationL	rd1	DSIStudio	/scratch/executivefunction/SLURM_8364170_114/job-8364170-114-sub-20966-ses-1/ds/inputs/data/qsiprep/qsiprep/sub-20966/ses-1/dwi/sub-20966_ses-1_space-ACPC_desc-preproc_dwi.nii.gz	0.0	0.7908678340099514	0.4389376061927536	0.6831296682357788	0.7908678340099514	0.6831296682357788	0.4389376061927536	0.6256690999679856	0.6256690999679856	sub-20966	ses-1				space-ACPC			DSIStudio	autotrackgqi
ProjectionBasalGanglia_OpticRadiationL	rd2	DSIStudio	/scratch/executivefunction/SLURM_8364170_114/job-8364170-114-sub-20966-ses-1/ds/inputs/data/qsiprep/qsiprep/sub-20966/ses-1/dwi/sub-20966_ses-1_space-ACPC_desc-preproc_dwi.nii.gz	0.0	0.5717581996920615	0.426069698964	0.4447027742862701	0.5717581996920615	0.4447027742862701	0.426069698964	0.3988031443145858	0.3988031443145858	sub-20966	ses-1				space-ACPC			DSIStudio	autotrackgqi
ProjectionBasalGanglia_OpticRadiationL	rd	DSIStudio	/scratch/executivefunction/SLURM_8364170_114/job-8364170-114-sub-20966-ses-1/ds/inputs/data/qsiprep/qsiprep/sub-20966/ses-1/dwi/sub-20966_ses-1_space-ACPC_desc-preproc_dwi.nii.gz	0.0	0.6813130164594506	0.4272589200800486	0.5546255111694336	0.6813130164594506	0.5546255111694336	0.4272589200800486	0.5122361208080608	0.5122361208080608	sub-20966	ses-1				space-ACPC			DSIStudio	autotrackgqi
ProjectionBasalGanglia_OpticRadiationL	txx	DSIStudio	/scratch/executivefunction/SLURM_8364170_114/job-8364170-114-sub-20966-ses-1/ds/inputs/data/qsiprep/qsiprep/sub-20966/ses-1/dwi/sub-20966_ses-1_space-ACPC_desc-preproc_dwi.nii.gz	0.0	0.0008167991786971	0.0004371684042861	0.0007342336466535	0.0008167991786971	0.0007342336466535	0.0004371684042861	0.0006976866714404	0.0006976866714404	sub-20966	ses-1				space-ACPC			DSIStudio	autotrackgqi
ProjectionBasalGanglia_OpticRadiationL	txy	DSIStudio	/scratch/executivefunction/SLURM_8364170_114/job-8364170-114-sub-20966-ses-1/ds/inputs/data/qsiprep/qsiprep/sub-20966/ses-1/dwi/sub-20966_ses-1_space-ACPC_desc-preproc_dwi.nii.gz	0.0	-0.0001028092719428	0.0001718920817794	-9.611281711841002e-05	-0.0001028092719428	-9.611281711841002e-05	0.0001718920817794	-0.0001387204927611	-0.0001387204927611	sub-20966	ses-1				space-ACPC			DSIStudio	autotrackgqi
ProjectionBasalGanglia_OpticRadiationL	txz	DSIStudio	/scratch/executivefunction/SLURM_8364170_114/job-8364170-114-sub-20966-ses-1/ds/inputs/data/qsiprep/qsiprep/sub-20966/ses-1/dwi/sub-20966_ses-1_space-ACPC_desc-preproc_dwi.nii.gz	0.0	-2.3762470289943253e-05	0.0001388452301247	-1.5339746823883615e-05	-2.3762470289943253e-05	-1.5339746823883615e-05	0.0001388452301247	-2.2893227229305554e-05	-2.2893227229305554e-05	sub-20966	ses-1				space-ACPC			DSIStudio	autotrackgqi
ProjectionBasalGanglia_OpticRadiationL	tyy	DSIStudio	/scratch/executivefunction/SLURM_8364170_114/job-8364170-114-sub-20966-ses-1/ds/inputs/data/qsiprep/qsiprep/sub-20966/ses-1/dwi/sub-20966_ses-1_space-ACPC_desc-preproc_dwi.nii.gz	0.0	0.0010591557750692	0.0004507587557957	0.000964013277553	0.0010591557750692	0.000964013277553	0.0004507587557957	0.0010245333439075	0.0010245333439075	sub-20966	ses-1				space-ACPC			DSIStudio	autotrackgqi
ProjectionBasalGanglia_OpticRadiationL	tyz	DSIStudio	/scratch/executivefunction/SLURM_8364170_114/job-8364170-114-sub-20966-ses-1/ds/inputs/data/qsiprep/qsiprep/sub-20966/ses-1/dwi/sub-20966_ses-1_space-ACPC_desc-preproc_dwi.nii.gz	0.0	3.728430968807519e-05	0.0001688557426267	2.039592800429091e-05	3.728430968807519e-05	2.039592800429091e-05	0.0001688557426267	3.108257570520409e-05	3.108257570520409e-05	sub-20966	ses-1				space-ACPC			DSIStudio	autotrackgqi
ProjectionBasalGanglia_OpticRadiationL	tzz	DSIStudio	/scratch/executivefunction/SLURM_8364170_114/job-8364170-114-sub-20966-ses-1/ds/inputs/data/qsiprep/qsiprep/sub-20966/ses-1/dwi/sub-20966_ses-1_space-ACPC_desc-preproc_dwi.nii.gz	0.0	0.0007743955615298	0.000463350506025	0.0006977231241762	0.0007743955615298	0.0006977231241762	0.000463350506025	0.0005645155384111	0.0005645155384111	sub-20966	ses-1				space-ACPC			DSIStudio	autotrackgqi
ProjectionBasalGanglia_FasciculusSubthalamicusL	ad	DSIStudio	/scratch/executivefunction/SLURM_8364170_114/job-8364170-114-sub-20966-ses-1/ds/inputs/data/qsiprep/qsiprep/sub-20966/ses-1/dwi/sub-20966_ses-1_space-ACPC_desc-preproc_dwi.nii.gz	0.0	1.2496970604624595	0.5626874993320393	1.0781458616256714	1.2496970604624595	1.0781458616256714	0.5626874993320393	1.2360738609576034	1.2360738609576034	sub-20966	ses-1				space-ACPC			DSIStudio	autotrackgqi
ProjectionBasalGanglia_FasciculusSubthalamicusL	dti_fa	DSIStudio	/scratch/executivefunction/SLURM_8364170_114/job-8364170-114-sub-20966-ses-1/ds/inputs/data/qsiprep/qsiprep/sub-20966/ses-1/dwi/sub-20966_ses-1_space-ACPC_desc-preproc_dwi.nii.gz	0.0	0.3845502835428333	0.1619967856387844	0.3534200191497803	0.3845502835428333	0.3534200191497803	0.1619967856387844	0.4377690360968801	0.4377690360968801	sub-20966	ses-1				space-ACPC			DSIStudio	autotrackgqi
ProjectionBasalGanglia_FasciculusSubthalamicusL	gfa	DSIStudio	/scratch/executivefunction/SLURM_8364170_114/job-8364170-114-sub-20966-ses-1/ds/inputs/data/qsiprep/qsiprep/sub-20966/ses-1/dwi/sub-20966_ses-1_space-ACPC_desc-preproc_dwi.nii.gz	0.0	0.0813457307339827	0.033437421374552	0.074801467359066	0.0813457307339827	0.074801467359066	0.033437421374552	0.0896325657940911	0.0896325657940911	sub-20966	ses-1				space-ACPC			DSIStudio	autotrackgqi
ProjectionBasalGanglia_FasciculusSubthalamicusL	ha	DSIStudio	/scratch/executivefunction/SLURM_8364170_114/job-8364170-114-sub-20966-ses-1/ds/inputs/data/qsiprep/qsiprep/sub-20966/ses-1/dwi/sub-20966_ses-1_space-ACPC_desc-preproc_dwi.nii.gz	0.0	-11.445345847736448	43.916601128763965	-16.84650230407715	-11.445345847736448	-16.84650230407715	43.916601128763965	-21.16171708095811	-21.16171708095811	sub-20966	ses-1				space-ACPC			DSIStudio	autotrackgqi
ProjectionBasalGanglia_FasciculusSubthalamicusL	iso	DSIStudio	/scratch/executivefunction/SLURM_8364170_114/job-8364170-114-sub-20966-ses-1/ds/inputs/data/qsiprep/qsiprep/sub-20966/ses-1/dwi/sub-20966_ses-1_space-ACPC_desc-preproc_dwi.nii.gz	0.0	0.4565768093159774	0.0922420189653402	0.4755379855632782	0.4565768093159774	0.4755379855632782	0.0922420189653402	0.4712241941613753	0.4712241941613753	sub-20966	ses-1				space-ACPC			DSIStudio	autotrackgqi
ProjectionBasalGanglia_FasciculusSubthalamicusL	md	DSIStudio	/scratch/executivefunction/SLURM_8364170_114/job-8364170-114-sub-20966-ses-1/ds/inputs/data/qsiprep/qsiprep/sub-20966/ses-1/dwi/sub-20966_ses-1_space-ACPC_desc-preproc_dwi.nii.gz	0.0	0.8849438462988135	0.4746134385878403	0.7452234625816345	0.8849438462988135	0.7452234625816345	0.4746134385878403	0.828288563900307	0.828288563900307	sub-20966	ses-1				space-ACPC			DSIStudio	autotrackgqi
ProjectionBasalGanglia_FasciculusSubthalamicusL	qa	DSIStudio	/scratch/executivefunction/SLURM_8364170_114/job-8364170-114-sub-20966-ses-1/ds/inputs/data/qsiprep/qsiprep/sub-20966/ses-1/dwi/sub-20966_ses-1_space-ACPC_desc-preproc_dwi.nii.gz	0.0	0.1683794439062982	0.0831327495103586	0.1508873999118805	0.1683794439062982	0.1508873999118805	0.0831327495103586	0.1933392232161625	0.1933392232161625	sub-20966	ses-1				space-ACPC			DSIStudio	autotrackgqi
ProjectionBasalGanglia_FasciculusSubthalamicusL	rd1	DSIStudio	/scratch/executivefunction/SLURM_8364170_114/job-8364170-114-sub-20966-ses-1/ds/inputs/data/qsiprep/qsiprep/sub-20966/ses-1/dwi/sub-20966_ses-1_space-ACPC_desc-preproc_dwi.nii.gz	0.0	0.8107922450069313	0.4764065771631201	0.7028661370277405	0.8107922450069313	0.7028661370277405	0.4764065771631201	0.7336802871892084	0.7336802871892084	sub-20966	ses-1				space-ACPC			DSIStudio	autotrackgqi
ProjectionBasalGanglia_FasciculusSubthalamicusL	rd2	DSIStudio	/scratch/executivefunction/SLURM_8364170_114/job-8364170-114-sub-20966-ses-1/ds/inputs/data/qsiprep/qsiprep/sub-20966/ses-1/dwi/sub-20966_ses-1_space-ACPC_desc-preproc_dwi.nii.gz	0.0	0.5943422305653329	0.4486589715662348	0.4977570474147796	0.5943422305653329	0.4977570474147796	0.4486589715662348	0.5151115377479464	0.5151115377479464	sub-20966	ses-1				space-ACPC			DSIStudio	autotrackgqi
ProjectionBasalGanglia_FasciculusSubthalamicusL	rd	DSIStudio	/scratch/executivefunction/SLURM_8364170_114/job-8364170-114-sub-20966-ses-1/ds/inputs/data/qsiprep/qsiprep/sub-20966/ses-1/dwi/sub-20966_ses-1_space-ACPC_desc-preproc_dwi.nii.gz	0.0	0.702567238277538	0.4590000929451757	0.6005206108093262	0.702567238277538	0.6005206108093262	0.4590000929451757	0.6243959138697623	0.6243959138697623	sub-20966	ses-1				space-ACPC			DSIStudio	autotrackgqi
ProjectionBasalGanglia_FasciculusSubthalamicusL	txx	DSIStudio	/scratch/executivefunction/SLURM_8364170_114/job-8364170-114-sub-20966-ses-1/ds/inputs/data/qsiprep/qsiprep/sub-20966/ses-1/dwi/sub-20966_ses-1_space-ACPC_desc-preproc_dwi.nii.gz	0.0	0.0008545388635796	0.0005039668738046	0.0006958240992389	0.0008545388635796	0.0006958240992389	0.0005039668738046	0.0008050998547928	0.0008050998547928	sub-20966	ses-1				space-ACPC			DSIStudio	autotrackgqi
ProjectionBasalGanglia_FasciculusSubthalamicusL	txy	DSIStudio	/scratch/executivefunction/SLURM_8364170_114/job-8364170-114-sub-20966-ses-1/ds/inputs/data/qsiprep/qsiprep/sub-20966/ses-1/dwi/sub-20966_ses-1_space-ACPC_desc-preproc_dwi.nii.gz	0.0	-1.9595561864548e-05	0.0001588218064565	-3.955660940846428e-05	-1.9595561864548e-05	-3.955660940846428e-05	0.0001588218064565	-3.268387668263301e-05	-3.268387668263301e-05	sub-20966	ses-1				space-ACPC			DSIStudio	autotrackgqi
ProjectionBasalGanglia_FasciculusSubthalamicusL	txz	DSIStudio	/scratch/executivefunction/SLURM_8364170_114/job-8364170-114-sub-20966-ses-1/ds/inputs/data/qsiprep/qsiprep/sub-20966/ses-1/dwi/sub-20966_ses-1_space-ACPC_desc-preproc_dwi.nii.gz	0.0	0.0001091646514761	0.0001454928158951	0.0001092927050194	0.0001091646514761	0.0001092927050194	0.0001454928158951	0.0001379165563268	0.0001379165563268	sub-20966	ses-1				space-ACPC			DSIStudio	autotrackgqi
ProjectionBasalGanglia_FasciculusSubthalamicusL	tyy	DSIStudio	/scratch/executivefunction/SLURM_8364170_114/job-8364170-114-sub-20966-ses-1/ds/inputs/data/qsiprep/qsiprep/sub-20966/ses-1/dwi/sub-20966_ses-1_space-ACPC_desc-preproc_dwi.nii.gz	0.0	0.0008467217423271	0.000534157746886	0.0007468671537935	0.0008467217423271	0.0007468671537935	0.000534157746886	0.0007348281975496	0.0007348281975496	sub-20966	ses-1				space-ACPC			DSIStudio	autotrackgqi
ProjectionBasalGanglia_FasciculusSubthalamicusL	tyz	DSIStudio	/scratch/executivefunction/SLURM_8364170_114/job-8364170-114-sub-20966-ses-1/ds/inputs/data/qsiprep/qsiprep/sub-20966/ses-1/dwi/sub-20966_ses-1_space-ACPC_desc-preproc_dwi.nii.gz	0.0	-4.5874096156886105e-05	0.0001610795558279	-4.8617042921250686e-05	-4.5874096156886105e-05	-4.8617042921250686e-05	0.0001610795558279	-7.716089110015822e-05	-7.716089110015822e-05	sub-20966	ses-1				space-ACPC			DSIStudio	autotrackgqi
ProjectionBasalGanglia_FasciculusSubthalamicusL	tzz	DSIStudio	/scratch/executivefunction/SLURM_8364170_114/job-8364170-114-sub-20966-ses-1/ds/inputs/data/qsiprep/qsiprep/sub-20966/ses-1/dwi/sub-20966_ses-1_space-ACPC_desc-preproc_dwi.nii.gz	0.0	0.000953570932882	0.0004979727176237	0.0008097637910395	0.000953570932882	0.0008097637910395	0.0004979727176237	0.0009449376413179	0.0009449376413179	sub-20966	ses-1				space-ACPC			DSIStudio	autotrackgqi
ProjectionBrainstem_ReticularTractL	ad	DSIStudio	/scratch/executivefunction/SLURM_8364170_114/job-8364170-114-sub-20966-ses-1/ds/inputs/data/qsiprep/qsiprep/sub-20966/ses-1/dwi/sub-20966_ses-1_space-ACPC_desc-preproc_dwi.nii.gz	0.0	1.2925241513142551	0.4671088817614325	1.1853787899017334	1.2925241513142551	1.1853787899017334	0.4671088817614325	1.2541510789993926	1.2541510789993926	sub-20966	ses-1				space-ACPC			DSIStudio	autotrackgqi
ProjectionBrainstem_ReticularTractL	dti_fa	DSIStudio	/scratch/executivefunction/SLURM_8364170_114/job-8364170-114-sub-20966-ses-1/ds/inputs/data/qsiprep/qsiprep/sub-20966/ses-1/dwi/sub-20966_ses-1_space-ACPC_desc-preproc_dwi.nii.gz	0.0	0.4222953247859914	0.1747718467603558	0.4141601324081421	0.4222953247859914	0.4141601324081421	0.1747718467603558	0.4877268866631956	0.4877268866631956	sub-20966	ses-1				space-ACPC			DSIStudio	autotrackgqi
ProjectionBrainstem_ReticularTractL	gfa	DSIStudio	/scratch/executivefunction/SLURM_8364170_114/job-8364170-114-sub-20966-ses-1/ds/inputs/data/qsiprep/qsiprep/sub-20966/ses-1/dwi/sub-20966_ses-1_space-ACPC_desc-preproc_dwi.nii.gz	0.0	0.0911185239436336	0.0361483311587782	0.0889798402786254	0.0911185239436336	0.0889798402786254	0.0361483311587782	0.1021737547902964	0.1021737547902964	sub-20966	ses-1				space-ACPC			DSIStudio	autotrackgqi
ProjectionBrainstem_ReticularTractL	ha	DSIStudio	/scratch/executivefunction/SLURM_8364170_114/job-8364170-114-sub-20966-ses-1/ds/inputs/data/qsiprep/qsiprep/sub-20966/ses-1/dwi/sub-20966_ses-1_space-ACPC_desc-preproc_dwi.nii.gz	0.0	-14.148447407398836	40.168369656290935	-14.706467628479004	-14.148447407398836	-14.706467628479004	40.168369656290935	-15.2948158116063	-15.2948158116063	sub-20966	ses-1				space-ACPC			DSIStudio	autotrackgqi
ProjectionBrainstem_ReticularTractL	iso	DSIStudio	/scratch/executivefunction/SLURM_8364170_114/job-8364170-114-sub-20966-ses-1/ds/inputs/data/qsiprep/qsiprep/sub-20966/ses-1/dwi/sub-20966_ses-1_space-ACPC_desc-preproc_dwi.nii.gz	0.0	0.479561734182382	0.0916624555698895	0.4857501089572906	0.479561734182382	0.4857501089572906	0.0916624555698895	0.4794181111540506	0.4794181111540506	sub-20966	ses-1				space-ACPC			DSIStudio	autotrackgqi
ProjectionBrainstem_ReticularTractL	md	DSIStudio	/scratch/executivefunction/SLURM_8364170_114/job-8364170-114-sub-20966-ses-1/ds/inputs/data/qsiprep/qsiprep/sub-20966/ses-1/dwi/sub-20966_ses-1_space-ACPC_desc-preproc_dwi.nii.gz	0.0	0.8751857535410045	0.3825535655016837	0.7640653252601624	0.8751857535410045	0.7640653252601624	0.3825535655016837	0.7846830115594337	0.7846830115594337	sub-20966	ses-1				space-ACPC			DSIStudio	autotrackgqi
ProjectionBrainstem_ReticularTractL	qa	DSIStudio	/scratch/executivefunction/SLURM_8364170_114/job-8364170-114-sub-20966-ses-1/ds/inputs/data/qsiprep/qsiprep/sub-20966/ses-1/dwi/sub-20966_ses-1_space-ACPC_desc-preproc_dwi.nii.gz	0.0	0.2017015927886757	0.0975591464909869	0.1885432600975036	0.2017015927886757	0.1885432600975036	0.0975591464909869	0.227165283094085	0.227165283094085	sub-20966	ses-1				space-ACPC			DSIStudio	autotrackgqi
ProjectionBrainstem_ReticularTractL	rd1	DSIStudio	/scratch/executivefunction/SLURM_8364170_114/job-8364170-114-sub-20966-ses-1/ds/inputs/data/qsiprep/qsiprep/sub-20966/ses-1/dwi/sub-20966_ses-1_space-ACPC_desc-preproc_dwi.nii.gz	0.0	0.7634267108231758	0.3945545402077559	0.679999828338623	0.7634267108231758	0.679999828338623	0.3945545402077559	0.6395208904255869	0.6395208904255869	sub-20966	ses-1				space-ACPC			DSIStudio	autotrackgqi
ProjectionBrainstem_ReticularTractL	rd2	DSIStudio	/scratch/executivefunction/SLURM_8364170_114/job-8364170-114-sub-20966-ses-1/ds/inputs/data/qsiprep/qsiprep/sub-20966/ses-1/dwi/sub-20966_ses-1_space-ACPC_desc-preproc_dwi.nii.gz	0.0	0.569606400958906	0.3684447379857049	0.4816243946552276	0.569606400958906	0.4816243946552276	0.3684447379857049	0.460377066561086	0.460377066561086	sub-20966	ses-1				space-ACPC			DSIStudio	autotrackgqi
ProjectionBrainstem_ReticularTractL	rd	DSIStudio	/scratch/executivefunction/SLURM_8364170_114/job-8364170-114-sub-20966-ses-1/ds/inputs/data/qsiprep/qsiprep/sub-20966/ses-1/dwi/sub-20966_ses-1_space-ACPC_desc-preproc_dwi.nii.gz	0.0	0.6665165569930167	0.37745543571705	0.5752584338188171	0.6665165569930167	0.5752584338188171	0.37745543571705	0.5499489791734367	0.5499489791734367	sub-20966	ses-1				space-ACPC			DSIStudio	autotrackgqi
ProjectionBrainstem_ReticularTractL	txx	DSIStudio	/scratch/executivefunction/SLURM_8364170_114/job-8364170-114-sub-20966-ses-1/ds/inputs/data/qsiprep/qsiprep/sub-20966/ses-1/dwi/sub-20966_ses-1_space-ACPC_desc-preproc_dwi.nii.gz	0.0	0.000747277346241	0.0004076096792424	0.0006653812597505	0.000747277346241	0.0006653812597505	0.0004076096792424	0.0006271482673094	0.0006271482673094	sub-20966	ses-1				space-ACPC			DSIStudio	autotrackgqi
ProjectionBrainstem_ReticularTractL	txy	DSIStudio	/scratch/executivefunction/SLURM_8364170_114/job-8364170-114-sub-20966-ses-1/ds/inputs/data/qsiprep/qsiprep/sub-20966/ses-1/dwi/sub-20966_ses-1_space-ACPC_desc-preproc_dwi.nii.gz	0.0	-1.822764302999302e-05	0.000146410832592	-1.042683743435191e-05	-1.822764302999302e-05	-1.042683743435191e-05	0.000146410832592	-5.10457173115577e-05	-5.10457173115577e-05	sub-20966	ses-1				space-ACPC			DSIStudio	autotrackgqi
ProjectionBrainstem_ReticularTractL	txz	DSIStudio	/scratch/executivefunction/SLURM_8364170_114/job-8364170-114-sub-20966-ses-1/ds/inputs/data/qsiprep/qsiprep/sub-20966/ses-1/dwi/sub-20966_ses-1_space-ACPC_desc-preproc_dwi.nii.gz	0.0	1.4785318862977697e-05	0.0001178088259663	8.604632967035286e-06	1.4785318862977697e-05	8.604632967035286e-06	0.0001178088259663	2.5090680659112788e-05	2.5090680659112788e-05	sub-20966	ses-1				space-ACPC			DSIStudio	autotrackgqi
ProjectionBrainstem_ReticularTractL	tyy	DSIStudio	/scratch/executivefunction/SLURM_8364170_114/job-8364170-114-sub-20966-ses-1/ds/inputs/data/qsiprep/qsiprep/sub-20966/ses-1/dwi/sub-20966_ses-1_space-ACPC_desc-preproc_dwi.nii.gz	0.0	0.0009719451146781	0.0004280464788411	0.0008963187574408	0.0009719451146781	0.0008963187574408	0.0004280464788411	0.0009571856984396	0.0009571856984396	sub-20966	ses-1				space-ACPC			DSIStudio	autotrackgqi
ProjectionBrainstem_ReticularTractL	tyz	DSIStudio	/scratch/executivefunction/SLURM_8364170_114/job-8364170-114-sub-20966-ses-1/ds/inputs/data/qsiprep/qsiprep/sub-20966/ses-1/dwi/sub-20966_ses-1_space-ACPC_desc-preproc_dwi.nii.gz	0.0	-0.0001450436413217	0.0001913464692884	-0.0001172379488707	-0.0001450436413217	-0.0001172379488707	0.0001913464692884	-0.0001822345604618	-0.0001822345604618	sub-20966	ses-1				space-ACPC			DSIStudio	autotrackgqi
ProjectionBrainstem_ReticularTractL	tzz	DSIStudio	/scratch/executivefunction/SLURM_8364170_114/job-8364170-114-sub-20966-ses-1/ds/inputs/data/qsiprep/qsiprep/sub-20966/ses-1/dwi/sub-20966_ses-1_space-ACPC_desc-preproc_dwi.nii.gz	0.0	0.0009063348005642	0.000475982118447	0.0007596304640173	0.0009063348005642	0.0007596304640173	0.000475982118447	0.0007697150681491	0.0007697150681491	sub-20966	ses-1				space-ACPC			DSIStudio	autotrackgqi
ProjectionBrainstem_MedialForebrainBundleR	ad	DSIStudio	/scratch/executivefunction/SLURM_8364170_114/job-8364170-114-sub-20966-ses-1/ds/inputs/data/qsiprep/qsiprep/sub-20966/ses-1/dwi/sub-20966_ses-1_space-ACPC_desc-preproc_dwi.nii.gz	0.0092137592137592	1.369222669219209	0.5705280347697957	1.2028200030326843	1.381955676062537	1.2058197259902954	0.5576134652033745	1.2873336966151556	1.2901231449457526	sub-20966	ses-1				space-ACPC			DSIStudio	autotrackgqi
ProjectionBrainstem_MedialForebrainBundleR	dti_fa	DSIStudio	/scratch/executivefunction/SLURM_8364170_114/job-8364170-114-sub-20966-ses-1/ds/inputs/data/qsiprep/qsiprep/sub-20966/ses-1/dwi/sub-20966_ses-1_space-ACPC_desc-preproc_dwi.nii.gz	0.0092137592137592	0.3798067401293711	0.1632650185018924	0.3777735978364944	0.3833387308931284	0.3786273896694183	0.1598417916970972	0.4439488831021789	0.4449108506952969	sub-20966	ses-1				space-ACPC			DSIStudio	autotrackgqi
ProjectionBrainstem_MedialForebrainBundleR	gfa	DSIStudio	/scratch/executivefunction/SLURM_8364170_114/job-8364170-114-sub-20966-ses-1/ds/inputs/data/qsiprep/qsiprep/sub-20966/ses-1/dwi/sub-20966_ses-1_space-ACPC_desc-preproc_dwi.nii.gz	0.0092137592137592	0.082966455485539	0.0317472280786487	0.0815520919859409	0.0837379972290499	0.0817304626107215	0.0308650597325505	0.0941725936202942	0.0943766508398596	sub-20966	ses-1				space-ACPC			DSIStudio	autotrackgqi
ProjectionBrainstem_MedialForebrainBundleR	ha	DSIStudio	/scratch/executivefunction/SLURM_8364170_114/job-8364170-114-sub-20966-ses-1/ds/inputs/data/qsiprep/qsiprep/sub-20966/ses-1/dwi/sub-20966_ses-1_space-ACPC_desc-preproc_dwi.nii.gz	0.0092137592137592	9.23202253592084	50.22823581908408	13.96793270111084	9.317875194345396	15.078733444213867	50.45331550279506	15.143827415545548	15.176641769545345	sub-20966	ses-1				space-ACPC			DSIStudio	autotrackgqi
ProjectionBrainstem_MedialForebrainBundleR	iso	DSIStudio	/scratch/executivefunction/SLURM_8364170_114/job-8364170-114-sub-20966-ses-1/ds/inputs/data/qsiprep/qsiprep/sub-20966/ses-1/dwi/sub-20966_ses-1_space-ACPC_desc-preproc_dwi.nii.gz	0.0092137592137592	0.4630151099367502	0.1173058894364914	0.4905481189489364	0.4673208921122314	0.4912078380584717	0.1089791553361591	0.5003066996232293	0.501390785251302	sub-20966	ses-1				space-ACPC			DSIStudio	autotrackgqi
ProjectionBrainstem_MedialForebrainBundleR	md	DSIStudio	/scratch/executivefunction/SLURM_8364170_114/job-8364170-114-sub-20966-ses-1/ds/inputs/data/qsiprep/qsiprep/sub-20966/ses-1/dwi/sub-20966_ses-1_space-ACPC_desc-preproc_dwi.nii.gz	0.0092137592137592	0.9808189815290144	0.5224969490360543	0.7902693748474121	0.9899400507930785	0.7926676273345947	0.5162485119873518	0.8572640201795194	0.8591215751310165	sub-20966	ses-1				space-ACPC			DSIStudio	autotrackgqi
ProjectionBrainstem_MedialForebrainBundleR	qa	DSIStudio	/scratch/executivefunction/SLURM_8364170_114/job-8364170-114-sub-20966-ses-1/ds/inputs/data/qsiprep/qsiprep/sub-20966/ses-1/dwi/sub-20966_ses-1_space-ACPC_desc-preproc_dwi.nii.gz	0.0092137592137592	0.1788078466540715	0.0872351622447596	0.1703360006213188	0.180470659859162	0.1712035089731216	0.0859107271722235	0.2207054537956194	0.2211836879134566	sub-20966	ses-1				space-ACPC			DSIStudio	autotrackgqi
ProjectionBrainstem_MedialForebrainBundleR	rd1	DSIStudio	/scratch/executivefunction/SLURM_8364170_114/job-8364170-114-sub-20966-ses-1/ds/inputs/data/qsiprep/qsiprep/sub-20966/ses-1/dwi/sub-20966_ses-1_space-ACPC_desc-preproc_dwi.nii.gz	0.0092137592137592	0.8881495547107895	0.5370351898686313	0.7156614661216736	0.8964088500118818	0.7175277471542358	0.5326209834658244	0.7461241614714449	0.7477408937258495	sub-20966	ses-1				space-ACPC			DSIStudio	autotrackgqi
ProjectionBrainstem_MedialForebrainBundleR	rd2	DSIStudio	/scratch/executivefunction/SLURM_8364170_114/job-8364170-114-sub-20966-ses-1/ds/inputs/data/qsiprep/qsiprep/sub-20966/ses-1/dwi/sub-20966_ses-1_space-ACPC_desc-preproc_dwi.nii.gz	0.0092137592137592	0.6850847150645326	0.5094800491321084	0.5224021971225739	0.6914556206602971	0.5231871008872986	0.507521996971318	0.5383341902807175	0.5395006745238339	sub-20966	ses-1				space-ACPC			DSIStudio	autotrackgqi
ProjectionBrainstem_MedialForebrainBundleR	rd	DSIStudio	/scratch/executivefunction/SLURM_8364170_114/job-8364170-114-sub-20966-ses-1/ds/inputs/data/qsiprep/qsiprep/sub-20966/ses-1/dwi/sub-20966_ses-1_space-ACPC_desc-preproc_dwi.nii.gz	0.0092137592137592	0.7866171325399044	0.519922358781208	0.6108970046043396	0.7939322329665	0.6141069531440735	0.5167449887765249	0.64222917360176	0.6436207818455926	sub-20966	ses-1				space-ACPC			DSIStudio	autotrackgqi
ProjectionBrainstem_MedialForebrainBundleR	txx	DSIStudio	/scratch/executivefunction/SLURM_8364170_114/job-8364170-114-sub-20966-ses-1/ds/inputs/data/qsiprep/qsiprep/sub-20966/ses-1/dwi/sub-20966_ses-1_space-ACPC_desc-preproc_dwi.nii.gz	0.0092137592137592	0.0008476276956307	0.0005392230033098	0.0006738125521223	0.0008555101602522	0.0006768758757971	0.0005354641332075	0.0006987972937344	0.0007003114762852	sub-20966	ses-1				space-ACPC			DSIStudio	autotrackgqi
ProjectionBrainstem_MedialForebrainBundleR	txy	DSIStudio	/scratch/executivefunction/SLURM_8364170_114/job-8364170-114-sub-20966-ses-1/ds/inputs/data/qsiprep/qsiprep/sub-20966/ses-1/dwi/sub-20966_ses-1_space-ACPC_desc-preproc_dwi.nii.gz	0.0092137592137592	-8.708266890916189e-06	0.0001098199105119	-5.140359235156211e-06	-8.78924891408032e-06	-5.952097126282752e-06	0.0001103261350855	-5.161805613579134e-06	-5.172990397191981e-06	sub-20966	ses-1				space-ACPC			DSIStudio	autotrackgqi
ProjectionBrainstem_MedialForebrainBundleR	txz	DSIStudio	/scratch/executivefunction/SLURM_8364170_114/job-8364170-114-sub-20966-ses-1/ds/inputs/data/qsiprep/qsiprep/sub-20966/ses-1/dwi/sub-20966_ses-1_space-ACPC_desc-preproc_dwi.nii.gz	0.0092137592137592	-1.410328185065088e-05	0.0001030466368135	-1.558650728838984e-05	-1.423443450270281e-05	-1.6817861251183785e-05	0.0001035156491403	-9.579917570460951e-06	-9.6006758023205e-06	sub-20966	ses-1				space-ACPC			DSIStudio	autotrackgqi
ProjectionBrainstem_MedialForebrainBundleR	tyy	DSIStudio	/scratch/executivefunction/SLURM_8364170_114/job-8364170-114-sub-20966-ses-1/ds/inputs/data/qsiprep/qsiprep/sub-20966/ses-1/dwi/sub-20966_ses-1_space-ACPC_desc-preproc_dwi.nii.gz	0.0092137592137592	0.0009953699073648	0.0005649199106872	0.0008500758267473	0.0010046262921202	0.0008578410488553	0.0005592880034743	0.0008695146240014	0.0008713987236368	sub-20966	ses-1				space-ACPC			DSIStudio	autotrackgqi
ProjectionBrainstem_MedialForebrainBundleR	tyz	DSIStudio	/scratch/executivefunction/SLURM_8364170_114/job-8364170-114-sub-20966-ses-1/ds/inputs/data/qsiprep/qsiprep/sub-20966/ses-1/dwi/sub-20966_ses-1_space-ACPC_desc-preproc_dwi.nii.gz	0.0092137592137592	-0.000127139105874	0.0001888985114695	-0.0001137178915087	-0.0001283214286192	-0.0001159596140496	0.0001893746524879	-0.000163535181289	-0.0001638895363756	sub-20966	ses-1				space-ACPC			DSIStudio	autotrackgqi
ProjectionBrainstem_MedialForebrainBundleR	tzz	DSIStudio	/scratch/executivefunction/SLURM_8364170_114/job-8364170-114-sub-20966-ses-1/ds/inputs/data/qsiprep/qsiprep/sub-20966/ses-1/dwi/sub-20966_ses-1_space-ACPC_desc-preproc_dwi.nii.gz	0.0092137592137592	0.0010994593353811	0.0005734615103343	0.0009687186102382	0.0011096836937386	0.0009736306383274	0.0005661894532402	0.0010034801350655	0.001005654517717	sub-20966	ses-1				space-ACPC			DSIStudio	autotrackgqi
ProjectionBrainstem_MedialForebrainBundleL	ad	DSIStudio	/scratch/executivefunction/SLURM_8364170_114/job-8364170-114-sub-20966-ses-1/ds/inputs/data/qsiprep/qsiprep/sub-20966/ses-1/dwi/sub-20966_ses-1_space-ACPC_desc-preproc_dwi.nii.gz	0.0070422535211267	1.4188752314040054	0.6732148172370789	1.2196630835533142	1.42893817630758	1.221185564994812	0.6648707975344216	1.2965818648268743	1.2989416373638625	sub-20966	ses-1				space-ACPC			DSIStudio	autotrackgqi
ProjectionBrainstem_MedialForebrainBundleL	dti_fa	DSIStudio	/scratch/executivefunction/SLURM_8364170_114/job-8364170-114-sub-20966-ses-1/ds/inputs/data/qsiprep/qsiprep/sub-20966/ses-1/dwi/sub-20966_ses-1_space-ACPC_desc-preproc_dwi.nii.gz	0.0070422535211267	0.3951350241021829	0.1725907562597469	0.3865725249052048	0.3979374001596452	0.3881859481334686	0.1699519292605494	0.459260751349516	0.4600966034566877	sub-20966	ses-1				space-ACPC			DSIStudio	autotrackgqi
ProjectionBrainstem_MedialForebrainBundleL	gfa	DSIStudio	/scratch/executivefunction/SLURM_8364170_114/job-8364170-114-sub-20966-ses-1/ds/inputs/data/qsiprep/qsiprep/sub-20966/ses-1/dwi/sub-20966_ses-1_space-ACPC_desc-preproc_dwi.nii.gz	0.0070422535211267	0.0865035832426707	0.0328894596401446	0.0838457830250263	0.0871170838330443	0.0840602219104766	0.032186051663376	0.0966097898339343	0.0967856191420422	sub-20966	ses-1				space-ACPC			DSIStudio	autotrackgqi
ProjectionBrainstem_MedialForebrainBundleL	ha	DSIStudio	/scratch/executivefunction/SLURM_8364170_114/job-8364170-114-sub-20966-ses-1/ds/inputs/data/qsiprep/qsiprep/sub-20966/ses-1/dwi/sub-20966_ses-1_space-ACPC_desc-preproc_dwi.nii.gz	0.0070422535211267	-17.10768523057219	49.337693561017495	-28.170193672180176	-17.229016331498237	-28.687345504760746	49.491226262523625	-19.547345495248592	-19.582921571548027	sub-20966	ses-1				space-ACPC			DSIStudio	autotrackgqi
ProjectionBrainstem_MedialForebrainBundleL	iso	DSIStudio	/scratch/executivefunction/SLURM_8364170_114/job-8364170-114-sub-20966-ses-1/ds/inputs/data/qsiprep/qsiprep/sub-20966/ses-1/dwi/sub-20966_ses-1_space-ACPC_desc-preproc_dwi.nii.gz	0.0070422535211267	0.465725151580942	0.1238054169408989	0.4975210726261139	0.4690281668403813	0.4984298348426819	0.1178443114463637	0.503978250690034	0.5048954885289942	sub-20966	ses-1				space-ACPC			DSIStudio	autotrackgqi
ProjectionBrainstem_MedialForebrainBundleL	md	DSIStudio	/scratch/executivefunction/SLURM_8364170_114/job-8364170-114-sub-20966-ses-1/ds/inputs/data/qsiprep/qsiprep/sub-20966/ses-1/dwi/sub-20966_ses-1_space-ACPC_desc-preproc_dwi.nii.gz	0.0070422535211267	1.0092427335803549	0.6121345590319074	0.7834100127220154	1.0164004834639035	0.7839083671569824	0.6083511211133704	0.8486899607347269	0.8502345724565872	sub-20966	ses-1				space-ACPC			DSIStudio	autotrackgqi
ProjectionBrainstem_MedialForebrainBundleL	qa	DSIStudio	/scratch/executivefunction/SLURM_8364170_114/job-8364170-114-sub-20966-ses-1/ds/inputs/data/qsiprep/qsiprep/sub-20966/ses-1/dwi/sub-20966_ses-1_space-ACPC_desc-preproc_dwi.nii.gz	0.0070422535211267	0.1891175553367488	0.0963676295000253	0.1776261925697326	0.1904588145944563	0.1778348833322525	0.0953788688845087	0.2261810709467824	0.2265927192516937	sub-20966	ses-1				space-ACPC			DSIStudio	autotrackgqi
ProjectionBrainstem_MedialForebrainBundleL	rd1	DSIStudio	/scratch/executivefunction/SLURM_8364170_114/job-8364170-114-sub-20966-ses-1/ds/inputs/data/qsiprep/qsiprep/sub-20966/ses-1/dwi/sub-20966_ses-1_space-ACPC_desc-preproc_dwi.nii.gz	0.0070422535211267	0.9083231178311472	0.623723188607595	0.707306832075119	0.9147651257590276	0.7100651860237122	0.6212059032217615	0.7183162051889743	0.7196235375883648	sub-20966	ses-1				space-ACPC			DSIStudio	autotrackgqi
ProjectionBrainstem_MedialForebrainBundleL	rd2	DSIStudio	/scratch/executivefunction/SLURM_8364170_114/job-8364170-114-sub-20966-ses-1/ds/inputs/data/qsiprep/qsiprep/sub-20966/ses-1/dwi/sub-20966_ses-1_space-ACPC_desc-preproc_dwi.nii.gz	0.0070422535211267	0.7005298574253555	0.5873155809711117	0.5057201683521271	0.7054981542865282	0.5087878704071045	0.5864135464572454	0.5311718147841193	0.5321385450180459	sub-20966	ses-1				space-ACPC			DSIStudio	autotrackgqi
ProjectionBrainstem_MedialForebrainBundleL	rd	DSIStudio	/scratch/executivefunction/SLURM_8364170_114/job-8364170-114-sub-20966-ses-1/ds/inputs/data/qsiprep/qsiprep/sub-20966/ses-1/dwi/sub-20966_ses-1_space-ACPC_desc-preproc_dwi.nii.gz	0.0070422535211267	0.8044264872251949	0.6024188344793207	0.5977585315704346	0.810131639616863	0.5991072654724121	0.6007165275598534	0.6247440121213744	0.6258810434419183	sub-20966	ses-1				space-ACPC			DSIStudio	autotrackgqi
ProjectionBrainstem_MedialForebrainBundleL	txx	DSIStudio	/scratch/executivefunction/SLURM_8364170_114/job-8364170-114-sub-20966-ses-1/ds/inputs/data/qsiprep/qsiprep/sub-20966/ses-1/dwi/sub-20966_ses-1_space-ACPC_desc-preproc_dwi.nii.gz	0.0070422535211267	0.0008723569665954	0.0006221255253631	0.0006695138872601	0.0008785438954366	0.0006726762512698	0.0006199593909953	0.0006847306578605	0.0006859768645806	sub-20966	ses-1				space-ACPC			DSIStudio	autotrackgqi
ProjectionBrainstem_MedialForebrainBundleL	txy	DSIStudio	/scratch/executivefunction/SLURM_8364170_114/job-8364170-114-sub-20966-ses-1/ds/inputs/data/qsiprep/qsiprep/sub-20966/ses-1/dwi/sub-20966_ses-1_space-ACPC_desc-preproc_dwi.nii.gz	0.0070422535211267	-1.5046921053824113e-06	0.0001280635937075	-7.723417411398259e-06	-1.515363680597889e-06	-9.06362220121082e-06	0.0001285168546656	-1.0526365086792704e-05	-1.05455231203665e-05	sub-20966	ses-1				space-ACPC			DSIStudio	autotrackgqi
ProjectionBrainstem_MedialForebrainBundleL	txz	DSIStudio	/scratch/executivefunction/SLURM_8364170_114/job-8364170-114-sub-20966-ses-1/ds/inputs/data/qsiprep/qsiprep/sub-20966/ses-1/dwi/sub-20966_ses-1_space-ACPC_desc-preproc_dwi.nii.gz	0.0070422535211267	5.556319148350302e-05	0.000121526569075	5.402092574513517e-05	5.595725667132929e-05	5.521015555132181e-05	0.0001218663152272	4.858455399008472e-05	4.867297799944026e-05	sub-20966	ses-1				space-ACPC			DSIStudio	autotrackgqi
ProjectionBrainstem_MedialForebrainBundleL	tyy	DSIStudio	/scratch/executivefunction/SLURM_8364170_114/job-8364170-114-sub-20966-ses-1/ds/inputs/data/qsiprep/qsiprep/sub-20966/ses-1/dwi/sub-20966_ses-1_space-ACPC_desc-preproc_dwi.nii.gz	0.0070422535211267	0.0010065309769103	0.0006354294776704	0.0008413825999014	0.0010136694944771	0.0008451608591713	0.0006319795447841	0.0008259621039111	0.0008274653512848	sub-20966	ses-1				space-ACPC			DSIStudio	autotrackgqi
ProjectionBrainstem_MedialForebrainBundleL	tyz	DSIStudio	/scratch/executivefunction/SLURM_8364170_114/job-8364170-114-sub-20966-ses-1/ds/inputs/data/qsiprep/qsiprep/sub-20966/ses-1/dwi/sub-20966_ses-1_space-ACPC_desc-preproc_dwi.nii.gz	0.0070422535211267	-0.0001225464606801	0.0001889444250062	-0.000105206236185	-0.0001234155845147	-0.0001073277016985	0.000189330197734	-0.0001695107736274	-0.0001698192820982	sub-20966	ses-1				space-ACPC			DSIStudio	autotrackgqi
ProjectionBrainstem_MedialForebrainBundleL	tzz	DSIStudio	/scratch/executivefunction/SLURM_8364170_114/job-8364170-114-sub-20966-ses-1/ds/inputs/data/qsiprep/qsiprep/sub-20966/ses-1/dwi/sub-20966_ses-1_space-ACPC_desc-preproc_dwi.nii.gz	0.0070422535211267	0.0011488402625997	0.0006793231598903	0.0009540099999867	0.0011569880658806	0.0009565219515934	0.0006747784465219	0.0010353771233624	0.0010372615044395	sub-20966	ses-1				space-ACPC			DSIStudio	autotrackgqi
ProjectionBasalGanglia_AnsaSubthalamicaR	ad	DSIStudio	/scratch/executivefunction/SLURM_8364170_114/job-8364170-114-sub-20966-ses-1/ds/inputs/data/qsiprep/qsiprep/sub-20966/ses-1/dwi/sub-20966_ses-1_space-ACPC_desc-preproc_dwi.nii.gz	0.0	1.4880895015272326	0.7586988362726105	1.206122636795044	1.4880895015272326	1.206122636795044	0.7586988362726105	1.3214925038294707	1.3214925038294707	sub-20966	ses-1				space-ACPC			DSIStudio	autotrackgqi
ProjectionBasalGanglia_AnsaSubthalamicaR	dti_fa	DSIStudio	/scratch/executivefunction/SLURM_8364170_114/job-8364170-114-sub-20966-ses-1/ds/inputs/data/qsiprep/qsiprep/sub-20966/ses-1/dwi/sub-20966_ses-1_space-ACPC_desc-preproc_dwi.nii.gz	0.0	0.3310618588008854	0.1543261487043483	0.3191980421543121	0.3310618588008854	0.3191980421543121	0.1543261487043483	0.3663409419728328	0.3663409419728328	sub-20966	ses-1				space-ACPC			DSIStudio	autotrackgqi
ProjectionBasalGanglia_AnsaSubthalamicaR	gfa	DSIStudio	/scratch/executivefunction/SLURM_8364170_114/job-8364170-114-sub-20966-ses-1/ds/inputs/data/qsiprep/qsiprep/sub-20966/ses-1/dwi/sub-20966_ses-1_space-ACPC_desc-preproc_dwi.nii.gz	0.0	0.0753251752194685	0.0311858258713641	0.0720294564962387	0.0753251752194685	0.0720294564962387	0.0311858258713641	0.0792269173427346	0.0792269173427346	sub-20966	ses-1				space-ACPC			DSIStudio	autotrackgqi
ProjectionBasalGanglia_AnsaSubthalamicaR	ha	DSIStudio	/scratch/executivefunction/SLURM_8364170_114/job-8364170-114-sub-20966-ses-1/ds/inputs/data/qsiprep/qsiprep/sub-20966/ses-1/dwi/sub-20966_ses-1_space-ACPC_desc-preproc_dwi.nii.gz	0.0	-5.1200343767893735	31.12043816218361	-8.377379417419434	-5.1200343767893735	-8.377379417419434	31.12043816218361	-7.718457707184067	-7.718457707184067	sub-20966	ses-1				space-ACPC			DSIStudio	autotrackgqi
ProjectionBasalGanglia_AnsaSubthalamicaR	iso	DSIStudio	/scratch/executivefunction/SLURM_8364170_114/job-8364170-114-sub-20966-ses-1/ds/inputs/data/qsiprep/qsiprep/sub-20966/ses-1/dwi/sub-20966_ses-1_space-ACPC_desc-preproc_dwi.nii.gz	0.0	0.429058591341135	0.1168981407789403	0.4491919875144958	0.429058591341135	0.4491919875144958	0.1168981407789403	0.4420147147620828	0.4420147147620828	sub-20966	ses-1				space-ACPC			DSIStudio	autotrackgqi
ProjectionBasalGanglia_AnsaSubthalamicaR	md	DSIStudio	/scratch/executivefunction/SLURM_8364170_114/job-8364170-114-sub-20966-ses-1/ds/inputs/data/qsiprep/qsiprep/sub-20966/ses-1/dwi/sub-20966_ses-1_space-ACPC_desc-preproc_dwi.nii.gz	0.0	1.1238066067096266	0.6937169908094165	0.8417152762413025	1.1238066067096266	0.8417152762413025	0.6937169908094165	0.9504742375939176	0.9504742375939176	sub-20966	ses-1				space-ACPC			DSIStudio	autotrackgqi
ProjectionBasalGanglia_AnsaSubthalamicaR	qa	DSIStudio	/scratch/executivefunction/SLURM_8364170_114/job-8364170-114-sub-20966-ses-1/ds/inputs/data/qsiprep/qsiprep/sub-20966/ses-1/dwi/sub-20966_ses-1_space-ACPC_desc-preproc_dwi.nii.gz	0.0	0.1427642519029749	0.064235125184317	0.134673461318016	0.1427642519029749	0.134673461318016	0.064235125184317	0.1519693248969588	0.1519693248969588	sub-20966	ses-1				space-ACPC			DSIStudio	autotrackgqi
ProjectionBasalGanglia_AnsaSubthalamicaR	rd1	DSIStudio	/scratch/executivefunction/SLURM_8364170_114/job-8364170-114-sub-20966-ses-1/ds/inputs/data/qsiprep/qsiprep/sub-20966/ses-1/dwi/sub-20966_ses-1_space-ACPC_desc-preproc_dwi.nii.gz	0.0	1.0477186758174473	0.6944842647010618	0.7806615829467773	1.0477186758174473	0.7806615829467773	0.6944842647010618	0.8718551718949095	0.8718551718949095	sub-20966	ses-1				space-ACPC			DSIStudio	autotrackgqi
ProjectionBasalGanglia_AnsaSubthalamicaR	rd2	DSIStudio	/scratch/executivefunction/SLURM_8364170_114/job-8364170-114-sub-20966-ses-1/ds/inputs/data/qsiprep/qsiprep/sub-20966/ses-1/dwi/sub-20966_ses-1_space-ACPC_desc-preproc_dwi.nii.gz	0.0	0.835611634300729	0.6690582875104605	0.5914828181266785	0.835611634300729	0.5914828181266785	0.6690582875104605	0.6580750223915565	0.6580750223915565	sub-20966	ses-1				space-ACPC			DSIStudio	autotrackgqi
ProjectionBasalGanglia_AnsaSubthalamicaR	rd	DSIStudio	/scratch/executivefunction/SLURM_8364170_114/job-8364170-114-sub-20966-ses-1/ds/inputs/data/qsiprep/qsiprep/sub-20966/ses-1/dwi/sub-20966_ses-1_space-ACPC_desc-preproc_dwi.nii.gz	0.0	0.9416651504317404	0.6793222735275095	0.6846415996551514	0.9416651504317404	0.6846415996551514	0.6793222735275095	0.7649650937635113	0.7649650937635113	sub-20966	ses-1				space-ACPC			DSIStudio	autotrackgqi
ProjectionBasalGanglia_AnsaSubthalamicaR	txx	DSIStudio	/scratch/executivefunction/SLURM_8364170_114/job-8364170-114-sub-20966-ses-1/ds/inputs/data/qsiprep/qsiprep/sub-20966/ses-1/dwi/sub-20966_ses-1_space-ACPC_desc-preproc_dwi.nii.gz	0.0	0.0011230411099776	0.0006918173376648	0.0009215830359607	0.0011230411099776	0.0009215830359607	0.0006918173376648	0.0010293002560613	0.0010293002560613	sub-20966	ses-1				space-ACPC			DSIStudio	autotrackgqi
ProjectionBasalGanglia_AnsaSubthalamicaR	txy	DSIStudio	/scratch/executivefunction/SLURM_8364170_114/job-8364170-114-sub-20966-ses-1/ds/inputs/data/qsiprep/qsiprep/sub-20966/ses-1/dwi/sub-20966_ses-1_space-ACPC_desc-preproc_dwi.nii.gz	0.0	-5.0507199187743525e-05	0.0001802346796672	-1.6124511603266e-05	-5.0507199187743525e-05	-1.6124511603266e-05	0.0001802346796672	-5.880736413564919e-05	-5.880736413564919e-05	sub-20966	ses-1				space-ACPC			DSIStudio	autotrackgqi
ProjectionBasalGanglia_AnsaSubthalamicaR	txz	DSIStudio	/scratch/executivefunction/SLURM_8364170_114/job-8364170-114-sub-20966-ses-1/ds/inputs/data/qsiprep/qsiprep/sub-20966/ses-1/dwi/sub-20966_ses-1_space-ACPC_desc-preproc_dwi.nii.gz	0.0	-5.785552038914794e-05	0.0001486720985258	-4.683228689827956e-05	-5.785552038914794e-05	-4.683228689827956e-05	0.0001486720985258	-6.704770906869887e-05	-6.704770906869887e-05	sub-20966	ses-1				space-ACPC			DSIStudio	autotrackgqi
ProjectionBasalGanglia_AnsaSubthalamicaR	tyy	DSIStudio	/scratch/executivefunction/SLURM_8364170_114/job-8364170-114-sub-20966-ses-1/ds/inputs/data/qsiprep/qsiprep/sub-20966/ses-1/dwi/sub-20966_ses-1_space-ACPC_desc-preproc_dwi.nii.gz	0.0	0.0011755732947258	0.0007538206176575	0.0009009288623929	0.0011755732947258	0.0009009288623929	0.0007538206176575	0.0009455682035935	0.0009455682035935	sub-20966	ses-1				space-ACPC			DSIStudio	autotrackgqi
ProjectionBasalGanglia_AnsaSubthalamicaR	tyz	DSIStudio	/scratch/executivefunction/SLURM_8364170_114/job-8364170-114-sub-20966-ses-1/ds/inputs/data/qsiprep/qsiprep/sub-20966/ses-1/dwi/sub-20966_ses-1_space-ACPC_desc-preproc_dwi.nii.gz	0.0	-1.5158872247590258e-05	0.0001466925514304	1.6810744227768737e-06	-1.5158872247590258e-05	1.6810744227768737e-06	0.0001466925514304	1.1211579545852789e-05	1.1211579545852789e-05	sub-20966	ses-1				space-ACPC			DSIStudio	autotrackgqi
ProjectionBasalGanglia_AnsaSubthalamicaR	tzz	DSIStudio	/scratch/executivefunction/SLURM_8364170_114/job-8364170-114-sub-20966-ses-1/ds/inputs/data/qsiprep/qsiprep/sub-20966/ses-1/dwi/sub-20966_ses-1_space-ACPC_desc-preproc_dwi.nii.gz	0.0	0.0010728054020279	0.0007145008460691	0.0008104576263576	0.0010728054020279	0.0008104576263576	0.0007145008460691	0.0008765542301791	0.0008765542301791	sub-20966	ses-1				space-ACPC			DSIStudio	autotrackgqi
ProjectionBrainstem_DentatorubrothalamicTract-lr	ad	DSIStudio	/scratch/executivefunction/SLURM_8364170_114/job-8364170-114-sub-20966-ses-1/ds/inputs/data/qsiprep/qsiprep/sub-20966/ses-1/dwi/sub-20966_ses-1_space-ACPC_desc-preproc_dwi.nii.gz	0.0	1.3099601747633605	0.4583662315174223	1.2012592554092407	1.3099601747633605	1.2012592554092407	0.4583662315174223	1.3659747684057024	1.3659747684057024	sub-20966	ses-1				space-ACPC			DSIStudio	autotrackgqi
ProjectionBrainstem_DentatorubrothalamicTract-lr	dti_fa	DSIStudio	/scratch/executivefunction/SLURM_8364170_114/job-8364170-114-sub-20966-ses-1/ds/inputs/data/qsiprep/qsiprep/sub-20966/ses-1/dwi/sub-20966_ses-1_space-ACPC_desc-preproc_dwi.nii.gz	0.0	0.477478969609805	0.1816109149186072	0.4646638333797455	0.477478969609805	0.4646638333797455	0.1816109149186072	0.5058797629796401	0.5058797629796401	sub-20966	ses-1				space-ACPC			DSIStudio	autotrackgqi
ProjectionBrainstem_DentatorubrothalamicTract-lr	gfa	DSIStudio	/scratch/executivefunction/SLURM_8364170_114/job-8364170-114-sub-20966-ses-1/ds/inputs/data/qsiprep/qsiprep/sub-20966/ses-1/dwi/sub-20966_ses-1_space-ACPC_desc-preproc_dwi.nii.gz	0.0	0.104083052112779	0.03699354119121	0.0967691466212272	0.104083052112779	0.0967691466212272	0.03699354119121	0.1100082124832628	0.1100082124832628	sub-20966	ses-1				space-ACPC			DSIStudio	autotrackgqi
ProjectionBrainstem_DentatorubrothalamicTract-lr	ha	DSIStudio	/scratch/executivefunction/SLURM_8364170_114/job-8364170-114-sub-20966-ses-1/ds/inputs/data/qsiprep/qsiprep/sub-20966/ses-1/dwi/sub-20966_ses-1_space-ACPC_desc-preproc_dwi.nii.gz	0.0	-37.58116857293423	42.862571662980606	-55.442813873291016	-37.58116857293423	-55.442813873291016	42.862571662980606	-28.62999137857617	-28.62999137857617	sub-20966	ses-1				space-ACPC			DSIStudio	autotrackgqi
ProjectionBrainstem_DentatorubrothalamicTract-lr	iso	DSIStudio	/scratch/executivefunction/SLURM_8364170_114/job-8364170-114-sub-20966-ses-1/ds/inputs/data/qsiprep/qsiprep/sub-20966/ses-1/dwi/sub-20966_ses-1_space-ACPC_desc-preproc_dwi.nii.gz	0.0	0.4909746615050646	0.0764656202615001	0.4902740716934204	0.4909746615050646	0.4902740716934204	0.0764656202615001	0.4955558278737208	0.4955558278737208	sub-20966	ses-1				space-ACPC			DSIStudio	autotrackgqi
ProjectionBrainstem_DentatorubrothalamicTract-lr	md	DSIStudio	/scratch/executivefunction/SLURM_8364170_114/job-8364170-114-sub-20966-ses-1/ds/inputs/data/qsiprep/qsiprep/sub-20966/ses-1/dwi/sub-20966_ses-1_space-ACPC_desc-preproc_dwi.nii.gz	0.0	0.848248268570927	0.387018925397383	0.7405588030815125	0.848248268570927	0.7405588030815125	0.387018925397383	0.8698067839630375	0.8698067839630375	sub-20966	ses-1				space-ACPC			DSIStudio	autotrackgqi
ProjectionBrainstem_DentatorubrothalamicTract-lr	qa	DSIStudio	/scratch/executivefunction/SLURM_8364170_114/job-8364170-114-sub-20966-ses-1/ds/inputs/data/qsiprep/qsiprep/sub-20966/ses-1/dwi/sub-20966_ses-1_space-ACPC_desc-preproc_dwi.nii.gz	0.0	0.2355510066131337	0.0984777696639509	0.215765967965126	0.2355510066131337	0.215765967965126	0.0984777696639509	0.2513799951226834	0.2513799951226834	sub-20966	ses-1				space-ACPC			DSIStudio	autotrackgqi
ProjectionBrainstem_DentatorubrothalamicTract-lr	rd1	DSIStudio	/scratch/executivefunction/SLURM_8364170_114/job-8364170-114-sub-20966-ses-1/ds/inputs/data/qsiprep/qsiprep/sub-20966/ses-1/dwi/sub-20966_ses-1_space-ACPC_desc-preproc_dwi.nii.gz	0.0	0.7305010590413568	0.4036942651793284	0.6538536548614502	0.7305010590413568	0.6538536548614502	0.4036942651793284	0.7396354556060092	0.7396354556060092	sub-20966	ses-1				space-ACPC			DSIStudio	autotrackgqi
ProjectionBrainstem_DentatorubrothalamicTract-lr	rd2	DSIStudio	/scratch/executivefunction/SLURM_8364170_114/job-8364170-114-sub-20966-ses-1/ds/inputs/data/qsiprep/qsiprep/sub-20966/ses-1/dwi/sub-20966_ses-1_space-ACPC_desc-preproc_dwi.nii.gz	0.0	0.5042835675137706	0.393725700790124	0.3944100141525268	0.5042835675137706	0.3944100141525268	0.393725700790124	0.5038101279665201	0.5038101279665201	sub-20966	ses-1				space-ACPC			DSIStudio	autotrackgqi
ProjectionBrainstem_DentatorubrothalamicTract-lr	rd	DSIStudio	/scratch/executivefunction/SLURM_8364170_114/job-8364170-114-sub-20966-ses-1/ds/inputs/data/qsiprep/qsiprep/sub-20966/ses-1/dwi/sub-20966_ses-1_space-ACPC_desc-preproc_dwi.nii.gz	0.0	0.6173923105733832	0.3946258274730607	0.5184646844863892	0.6173923105733832	0.5184646844863892	0.3946258274730607	0.621722786803323	0.621722786803323	sub-20966	ses-1				space-ACPC			DSIStudio	autotrackgqi
ProjectionBrainstem_DentatorubrothalamicTract-lr	txx	DSIStudio	/scratch/executivefunction/SLURM_8364170_114/job-8364170-114-sub-20966-ses-1/ds/inputs/data/qsiprep/qsiprep/sub-20966/ses-1/dwi/sub-20966_ses-1_space-ACPC_desc-preproc_dwi.nii.gz	0.0	0.0007480996068523	0.0003865518751139	0.000688022293616	0.0007480996068523	0.000688022293616	0.0003865518751139	0.0007590588585429	0.0007590588585429	sub-20966	ses-1				space-ACPC			DSIStudio	autotrackgqi
ProjectionBrainstem_DentatorubrothalamicTract-lr	txy	DSIStudio	/scratch/executivefunction/SLURM_8364170_114/job-8364170-114-sub-20966-ses-1/ds/inputs/data/qsiprep/qsiprep/sub-20966/ses-1/dwi/sub-20966_ses-1_space-ACPC_desc-preproc_dwi.nii.gz	0.0	-4.243108508853083e-05	0.0001184525585448	-4.2590305383782834e-05	-4.243108508853083e-05	-4.2590305383782834e-05	0.0001184525585448	-5.423756220674269e-05	-5.423756220674269e-05	sub-20966	ses-1				space-ACPC			DSIStudio	autotrackgqi
ProjectionBrainstem_DentatorubrothalamicTract-lr	txz	DSIStudio	/scratch/executivefunction/SLURM_8364170_114/job-8364170-114-sub-20966-ses-1/ds/inputs/data/qsiprep/qsiprep/sub-20966/ses-1/dwi/sub-20966_ses-1_space-ACPC_desc-preproc_dwi.nii.gz	0.0	-1.6920781543936668e-05	0.0002134467845494	-2.361229962843936e-05	-1.6920781543936668e-05	-2.361229962843936e-05	0.0002134467845494	4.5313226437674185e-05	4.5313226437674185e-05	sub-20966	ses-1				space-ACPC			DSIStudio	autotrackgqi
ProjectionBrainstem_DentatorubrothalamicTract-lr	tyy	DSIStudio	/scratch/executivefunction/SLURM_8364170_114/job-8364170-114-sub-20966-ses-1/ds/inputs/data/qsiprep/qsiprep/sub-20966/ses-1/dwi/sub-20966_ses-1_space-ACPC_desc-preproc_dwi.nii.gz	0.0	0.0007180236097859	0.000519654630946	0.0005603379686363	0.0007180236097859	0.0005603379686363	0.000519654630946	0.0007855061019421	0.0007855061019421	sub-20966	ses-1				space-ACPC			DSIStudio	autotrackgqi
ProjectionBrainstem_DentatorubrothalamicTract-lr	tyz	DSIStudio	/scratch/executivefunction/SLURM_8364170_114/job-8364170-114-sub-20966-ses-1/ds/inputs/data/qsiprep/qsiprep/sub-20966/ses-1/dwi/sub-20966_ses-1_space-ACPC_desc-preproc_dwi.nii.gz	0.0	-0.0001287743619601	0.0001713657192482	-0.0001058543784893	-0.0001287743619601	-0.0001058543784893	0.0001713657192482	-0.0001792261729915	-0.0001792261729915	sub-20966	ses-1				space-ACPC			DSIStudio	autotrackgqi
ProjectionBrainstem_DentatorubrothalamicTract-lr	tzz	DSIStudio	/scratch/executivefunction/SLURM_8364170_114/job-8364170-114-sub-20966-ses-1/ds/inputs/data/qsiprep/qsiprep/sub-20966/ses-1/dwi/sub-20966_ses-1_space-ACPC_desc-preproc_dwi.nii.gz	0.0	0.0010786215821039	0.0003983298124008	0.0010221569100394	0.0010786215821039	0.0010221569100394	0.0003983298124008	0.0010648553858856	0.0010648553858856	sub-20966	ses-1				space-ACPC			DSIStudio	autotrackgqi
ProjectionBrainstem_CorticospinalTractR	ad	DSIStudio	/scratch/executivefunction/SLURM_8364170_114/job-8364170-114-sub-20966-ses-1/ds/inputs/data/qsiprep/qsiprep/sub-20966/ses-1/dwi/sub-20966_ses-1_space-ACPC_desc-preproc_dwi.nii.gz	0.0	1.2041467120592235	0.3000299722248137	1.150740146636963	1.2041467120592235	1.150740146636963	0.3000299722248137	1.262718063525283	1.262718063525283	sub-20966	ses-1				space-ACPC			DSIStudio	autotrackgqi
ProjectionBrainstem_CorticospinalTractR	dti_fa	DSIStudio	/scratch/executivefunction/SLURM_8364170_114/job-8364170-114-sub-20966-ses-1/ds/inputs/data/qsiprep/qsiprep/sub-20966/ses-1/dwi/sub-20966_ses-1_space-ACPC_desc-preproc_dwi.nii.gz	0.0	0.4828836593812701	0.1748074859887903	0.4804387986660003	0.4828836593812701	0.4804387986660003	0.1748074859887903	0.5701113769340189	0.5701113769340189	sub-20966	ses-1				space-ACPC			DSIStudio	autotrackgqi
ProjectionBrainstem_CorticospinalTractR	gfa	DSIStudio	/scratch/executivefunction/SLURM_8364170_114/job-8364170-114-sub-20966-ses-1/ds/inputs/data/qsiprep/qsiprep/sub-20966/ses-1/dwi/sub-20966_ses-1_space-ACPC_desc-preproc_dwi.nii.gz	0.0	0.1011281707410856	0.0367305181740014	0.0991841927170753	0.1011281707410856	0.0991841927170753	0.0367305181740014	0.1190639034185287	0.1190639034185287	sub-20966	ses-1				space-ACPC			DSIStudio	autotrackgqi
ProjectionBrainstem_CorticospinalTractR	ha	DSIStudio	/scratch/executivefunction/SLURM_8364170_114/job-8364170-114-sub-20966-ses-1/ds/inputs/data/qsiprep/qsiprep/sub-20966/ses-1/dwi/sub-20966_ses-1_space-ACPC_desc-preproc_dwi.nii.gz	0.0	-7.903204061675717	57.99920361693071	-18.60607147216797	-7.903204061675717	-18.60607147216797	57.99920361693071	-4.478820987184868	-4.478820987184868	sub-20966	ses-1				space-ACPC			DSIStudio	autotrackgqi
ProjectionBrainstem_CorticospinalTractR	iso	DSIStudio	/scratch/executivefunction/SLURM_8364170_114/job-8364170-114-sub-20966-ses-1/ds/inputs/data/qsiprep/qsiprep/sub-20966/ses-1/dwi/sub-20966_ses-1_space-ACPC_desc-preproc_dwi.nii.gz	0.0	0.519237256172954	0.0563495986818245	0.5218788385391235	0.519237256172954	0.5218788385391235	0.0563495986818245	0.5317868194217195	0.5317868194217195	sub-20966	ses-1				space-ACPC			DSIStudio	autotrackgqi
ProjectionBrainstem_CorticospinalTractR	md	DSIStudio	/scratch/executivefunction/SLURM_8364170_114/job-8364170-114-sub-20966-ses-1/ds/inputs/data/qsiprep/qsiprep/sub-20966/ses-1/dwi/sub-20966_ses-1_space-ACPC_desc-preproc_dwi.nii.gz	0.0	0.7646916647841875	0.2154495914072255	0.7297495007514954	0.7646916647841875	0.7297495007514954	0.2154495914072255	0.7278602081523311	0.7278602081523311	sub-20966	ses-1				space-ACPC			DSIStudio	autotrackgqi
ProjectionBrainstem_CorticospinalTractR	qa	DSIStudio	/scratch/executivefunction/SLURM_8364170_114/job-8364170-114-sub-20966-ses-1/ds/inputs/data/qsiprep/qsiprep/sub-20966/ses-1/dwi/sub-20966_ses-1_space-ACPC_desc-preproc_dwi.nii.gz	0.0	0.2490933739166351	0.1097346461562348	0.2362638413906097	0.2490933739166351	0.2362638413906097	0.1097346461562348	0.3042887979101751	0.3042887979101751	sub-20966	ses-1				space-ACPC			DSIStudio	autotrackgqi
ProjectionBrainstem_CorticospinalTractR	rd1	DSIStudio	/scratch/executivefunction/SLURM_8364170_114/job-8364170-114-sub-20966-ses-1/ds/inputs/data/qsiprep/qsiprep/sub-20966/ses-1/dwi/sub-20966_ses-1_space-ACPC_desc-preproc_dwi.nii.gz	0.0	0.6615800183584029	0.2488170891058062	0.6455798745155334	0.6615800183584029	0.6455798745155334	0.2488170891058062	0.5801758252810766	0.5801758252810766	sub-20966	ses-1				space-ACPC			DSIStudio	autotrackgqi
ProjectionBrainstem_CorticospinalTractR	rd2	DSIStudio	/scratch/executivefunction/SLURM_8364170_114/job-8364170-114-sub-20966-ses-1/ds/inputs/data/qsiprep/qsiprep/sub-20966/ses-1/dwi/sub-20966_ses-1_space-ACPC_desc-preproc_dwi.nii.gz	0.0	0.4283482626569312	0.2471629704075612	0.3860558569431305	0.4283482626569312	0.3860558569431305	0.2471629704075612	0.3406867309234951	0.3406867309234951	sub-20966	ses-1				space-ACPC			DSIStudio	autotrackgqi
ProjectionBrainstem_CorticospinalTractR	rd	DSIStudio	/scratch/executivefunction/SLURM_8364170_114/job-8364170-114-sub-20966-ses-1/ds/inputs/data/qsiprep/qsiprep/sub-20966/ses-1/dwi/sub-20966_ses-1_space-ACPC_desc-preproc_dwi.nii.gz	0.0	0.5449641417945461	0.2412586205818502	0.5197131633758545	0.5449641417945461	0.5197131633758545	0.2412586205818502	0.4604312793603231	0.4604312793603231	sub-20966	ses-1				space-ACPC			DSIStudio	autotrackgqi
ProjectionBrainstem_CorticospinalTractR	txx	DSIStudio	/scratch/executivefunction/SLURM_8364170_114/job-8364170-114-sub-20966-ses-1/ds/inputs/data/qsiprep/qsiprep/sub-20966/ses-1/dwi/sub-20966_ses-1_space-ACPC_desc-preproc_dwi.nii.gz	0.0	0.0006869762000203	0.0002607556842512	0.0006533625419251	0.0006869762000203	0.0006533625419251	0.0002607556842512	0.0006201656591763	0.0006201656591763	sub-20966	ses-1				space-ACPC			DSIStudio	autotrackgqi
ProjectionBrainstem_CorticospinalTractR	txy	DSIStudio	/scratch/executivefunction/SLURM_8364170_114/job-8364170-114-sub-20966-ses-1/ds/inputs/data/qsiprep/qsiprep/sub-20966/ses-1/dwi/sub-20966_ses-1_space-ACPC_desc-preproc_dwi.nii.gz	0.0	4.75497735259096e-05	9.85109553527664e-05	4.541474118013866e-05	4.75497735259096e-05	4.541474118013866e-05	9.85109553527664e-05	7.608062618805645e-05	7.608062618805645e-05	sub-20966	ses-1				space-ACPC			DSIStudio	autotrackgqi
ProjectionBrainstem_CorticospinalTractR	txz	DSIStudio	/scratch/executivefunction/SLURM_8364170_114/job-8364170-114-sub-20966-ses-1/ds/inputs/data/qsiprep/qsiprep/sub-20966/ses-1/dwi/sub-20966_ses-1_space-ACPC_desc-preproc_dwi.nii.gz	0.0	-4.178497138832414e-05	0.0002029883591596	-2.86083304672502e-05	-4.178497138832414e-05	-2.86083304672502e-05	0.0002029883591596	-0.0001072004312366	-0.0001072004312366	sub-20966	ses-1				space-ACPC			DSIStudio	autotrackgqi
ProjectionBrainstem_CorticospinalTractR	tyy	DSIStudio	/scratch/executivefunction/SLURM_8364170_114/job-8364170-114-sub-20966-ses-1/ds/inputs/data/qsiprep/qsiprep/sub-20966/ses-1/dwi/sub-20966_ses-1_space-ACPC_desc-preproc_dwi.nii.gz	0.0	0.0006048305989277	0.0002995908403379	0.0005598474526777	0.0006048305989277	0.0005598474526777	0.0002995908403379	0.0005169246910042	0.0005169246910042	sub-20966	ses-1				space-ACPC			DSIStudio	autotrackgqi
ProjectionBrainstem_CorticospinalTractR	tyz	DSIStudio	/scratch/executivefunction/SLURM_8364170_114/job-8364170-114-sub-20966-ses-1/ds/inputs/data/qsiprep/qsiprep/sub-20966/ses-1/dwi/sub-20966_ses-1_space-ACPC_desc-preproc_dwi.nii.gz	0.0	-1.287530500396364e-05	0.0001990139348371	6.392508112185169e-06	-1.287530500396364e-05	6.392508112185169e-06	0.0001990139348371	-4.853919291624918e-05	-4.853919291624918e-05	sub-20966	ses-1				space-ACPC			DSIStudio	autotrackgqi
ProjectionBrainstem_CorticospinalTractR	tzz	DSIStudio	/scratch/executivefunction/SLURM_8364170_114/job-8364170-114-sub-20966-ses-1/ds/inputs/data/qsiprep/qsiprep/sub-20966/ses-1/dwi/sub-20966_ses-1_space-ACPC_desc-preproc_dwi.nii.gz	0.0	0.001002268194558	0.0003077906817875	0.0009737587533891	0.001002268194558	0.0009737587533891	0.0003077906817875	0.0010464902681746	0.0010464902681746	sub-20966	ses-1				space-ACPC			DSIStudio	autotrackgqi
ProjectionBasalGanglia_FasciculusLenticularisL	ad	DSIStudio	/scratch/executivefunction/SLURM_8364170_114/job-8364170-114-sub-20966-ses-1/ds/inputs/data/qsiprep/qsiprep/sub-20966/ses-1/dwi/sub-20966_ses-1_space-ACPC_desc-preproc_dwi.nii.gz	0.0	1.1554618223949715	0.3545149877463442	1.0708273649215698	1.1554618223949715	1.0708273649215698	0.3545149877463442	1.2059621851733937	1.2059621851733937	sub-20966	ses-1				space-ACPC			DSIStudio	autotrackgqi
ProjectionBasalGanglia_FasciculusLenticularisL	dti_fa	DSIStudio	/scratch/executivefunction/SLURM_8364170_114/job-8364170-114-sub-20966-ses-1/ds/inputs/data/qsiprep/qsiprep/sub-20966/ses-1/dwi/sub-20966_ses-1_space-ACPC_desc-preproc_dwi.nii.gz	0.0	0.3608527036360752	0.1331157982903975	0.3418558090925216	0.3608527036360752	0.3418558090925216	0.1331157982903975	0.380294776985643	0.380294776985643	sub-20966	ses-1				space-ACPC			DSIStudio	autotrackgqi
ProjectionBasalGanglia_FasciculusLenticularisL	gfa	DSIStudio	/scratch/executivefunction/SLURM_8364170_114/job-8364170-114-sub-20966-ses-1/ds/inputs/data/qsiprep/qsiprep/sub-20966/ses-1/dwi/sub-20966_ses-1_space-ACPC_desc-preproc_dwi.nii.gz	0.0	0.077925271636312	0.0282693662970767	0.072225447744131	0.077925271636312	0.072225447744131	0.0282693662970767	0.0850661201191938	0.0850661201191938	sub-20966	ses-1				space-ACPC			DSIStudio	autotrackgqi
ProjectionBasalGanglia_FasciculusLenticularisL	ha	DSIStudio	/scratch/executivefunction/SLURM_8364170_114/job-8364170-114-sub-20966-ses-1/ds/inputs/data/qsiprep/qsiprep/sub-20966/ses-1/dwi/sub-20966_ses-1_space-ACPC_desc-preproc_dwi.nii.gz	0.0	-6.634991178404034	34.92520005538336	-2.6094425916671757	-6.634991178404034	-2.6094425916671757	34.92520005538336	7.61481992126512	7.61481992126512	sub-20966	ses-1				space-ACPC			DSIStudio	autotrackgqi
ProjectionBasalGanglia_FasciculusLenticularisL	iso	DSIStudio	/scratch/executivefunction/SLURM_8364170_114/job-8364170-114-sub-20966-ses-1/ds/inputs/data/qsiprep/qsiprep/sub-20966/ses-1/dwi/sub-20966_ses-1_space-ACPC_desc-preproc_dwi.nii.gz	0.0	0.4469772860285186	0.0671866637458174	0.4547120183706283	0.4469772860285186	0.4547120183706283	0.0671866637458174	0.4450854320319195	0.4450854320319195	sub-20966	ses-1				space-ACPC			DSIStudio	autotrackgqi
ProjectionBasalGanglia_FasciculusLenticularisL	md	DSIStudio	/scratch/executivefunction/SLURM_8364170_114/job-8364170-114-sub-20966-ses-1/ds/inputs/data/qsiprep/qsiprep/sub-20966/ses-1/dwi/sub-20966_ses-1_space-ACPC_desc-preproc_dwi.nii.gz	0.0	0.8267522201616577	0.2745534449966563	0.7588920593261719	0.8267522201616577	0.7588920593261719	0.2745534449966563	0.8455898521334446	0.8455898521334446	sub-20966	ses-1				space-ACPC			DSIStudio	autotrackgqi
ProjectionBasalGanglia_FasciculusLenticularisL	qa	DSIStudio	/scratch/executivefunction/SLURM_8364170_114/job-8364170-114-sub-20966-ses-1/ds/inputs/data/qsiprep/qsiprep/sub-20966/ses-1/dwi/sub-20966_ses-1_space-ACPC_desc-preproc_dwi.nii.gz	0.0	0.1547843225131677	0.0579665059966146	0.1500798910856247	0.1547843225131677	0.1500798910856247	0.0579665059966146	0.1707417597596301	0.1707417597596301	sub-20966	ses-1				space-ACPC			DSIStudio	autotrackgqi
ProjectionBasalGanglia_FasciculusLenticularisL	rd1	DSIStudio	/scratch/executivefunction/SLURM_8364170_114/job-8364170-114-sub-20966-ses-1/ds/inputs/data/qsiprep/qsiprep/sub-20966/ses-1/dwi/sub-20966_ses-1_space-ACPC_desc-preproc_dwi.nii.gz	0.0	0.7625437207182739	0.2662428064124046	0.7220291197299957	0.7625437207182739	0.7220291197299957	0.2662428064124046	0.7759916146405197	0.7759916146405197	sub-20966	ses-1				space-ACPC			DSIStudio	autotrackgqi
ProjectionBasalGanglia_FasciculusLenticularisL	rd2	DSIStudio	/scratch/executivefunction/SLURM_8364170_114/job-8364170-114-sub-20966-ses-1/ds/inputs/data/qsiprep/qsiprep/sub-20966/ses-1/dwi/sub-20966_ses-1_space-ACPC_desc-preproc_dwi.nii.gz	0.0	0.5622511148422098	0.2668677398418806	0.5206533074378967	0.5622511148422098	0.5206533074378967	0.2668677398418806	0.5548157507950853	0.5548157507950853	sub-20966	ses-1				space-ACPC			DSIStudio	autotrackgqi
ProjectionBasalGanglia_FasciculusLenticularisL	rd	DSIStudio	/scratch/executivefunction/SLURM_8364170_114/job-8364170-114-sub-20966-ses-1/ds/inputs/data/qsiprep/qsiprep/sub-20966/ses-1/dwi/sub-20966_ses-1_space-ACPC_desc-preproc_dwi.nii.gz	0.0	0.6623974188303752	0.2623868454745468	0.623536616563797	0.6623974188303752	0.623536616563797	0.2623868454745468	0.6654036805688645	0.6654036805688645	sub-20966	ses-1				space-ACPC			DSIStudio	autotrackgqi
ProjectionBasalGanglia_FasciculusLenticularisL	txx	DSIStudio	/scratch/executivefunction/SLURM_8364170_114/job-8364170-114-sub-20966-ses-1/ds/inputs/data/qsiprep/qsiprep/sub-20966/ses-1/dwi/sub-20966_ses-1_space-ACPC_desc-preproc_dwi.nii.gz	0.0	0.0007956664008711	0.000335371477465	0.0006787079328205	0.0007956664008711	0.0006787079328205	0.000335371477465	0.000739626798526	0.000739626798526	sub-20966	ses-1				space-ACPC			DSIStudio	autotrackgqi
ProjectionBasalGanglia_FasciculusLenticularisL	txy	DSIStudio	/scratch/executivefunction/SLURM_8364170_114/job-8364170-114-sub-20966-ses-1/ds/inputs/data/qsiprep/qsiprep/sub-20966/ses-1/dwi/sub-20966_ses-1_space-ACPC_desc-preproc_dwi.nii.gz	0.0	-3.971789209812781e-05	0.0001603721706346	-5.123674782225862e-05	-3.971789209812781e-05	-5.123674782225862e-05	0.0001603721706346	-6.920141810036492e-05	-6.920141810036492e-05	sub-20966	ses-1				space-ACPC			DSIStudio	autotrackgqi
ProjectionBasalGanglia_FasciculusLenticularisL	txz	DSIStudio	/scratch/executivefunction/SLURM_8364170_114/job-8364170-114-sub-20966-ses-1/ds/inputs/data/qsiprep/qsiprep/sub-20966/ses-1/dwi/sub-20966_ses-1_space-ACPC_desc-preproc_dwi.nii.gz	0.0	3.0088097927267936e-05	0.0001207946449709	5.128833436174318e-05	3.0088097927267936e-05	5.128833436174318e-05	0.0001207946449709	1.993146862296121e-05	1.993146862296121e-05	sub-20966	ses-1				space-ACPC			DSIStudio	autotrackgqi
ProjectionBasalGanglia_FasciculusLenticularisL	tyy	DSIStudio	/scratch/executivefunction/SLURM_8364170_114/job-8364170-114-sub-20966-ses-1/ds/inputs/data/qsiprep/qsiprep/sub-20966/ses-1/dwi/sub-20966_ses-1_space-ACPC_desc-preproc_dwi.nii.gz	0.0	0.0008897938957335	0.0003186448138113	0.0008272375853266	0.0008897938957335	0.0008272375853266	0.0003186448138113	0.0009166030781572	0.0009166030781572	sub-20966	ses-1				space-ACPC			DSIStudio	autotrackgqi
ProjectionBasalGanglia_FasciculusLenticularisL	tyz	DSIStudio	/scratch/executivefunction/SLURM_8364170_114/job-8364170-114-sub-20966-ses-1/ds/inputs/data/qsiprep/qsiprep/sub-20966/ses-1/dwi/sub-20966_ses-1_space-ACPC_desc-preproc_dwi.nii.gz	0.0	1.4526038462347464e-05	0.0001352124016703	2.053122216238989e-06	1.4526038462347464e-05	2.053122216238989e-06	0.0001352124016703	0.000108790386194	0.000108790386194	sub-20966	ses-1				space-ACPC			DSIStudio	autotrackgqi
ProjectionBasalGanglia_FasciculusLenticularisL	tzz	DSIStudio	/scratch/executivefunction/SLURM_8364170_114/job-8364170-114-sub-20966-ses-1/ds/inputs/data/qsiprep/qsiprep/sub-20966/ses-1/dwi/sub-20966_ses-1_space-ACPC_desc-preproc_dwi.nii.gz	0.0	0.0007947963616813	0.0003276800179275	0.0007292288355529	0.0007947963616813	0.0007292288355529	0.0003276800179275	0.0008805396855033	0.0008805396855033	sub-20966	ses-1				space-ACPC			DSIStudio	autotrackgqi
ProjectionBasalGanglia_ThalamicRadiationR	ad	DSIStudio	/scratch/executivefunction/SLURM_8364170_114/job-8364170-114-sub-20966-ses-1/ds/inputs/data/qsiprep/qsiprep/sub-20966/ses-1/dwi/sub-20966_ses-1_space-ACPC_desc-preproc_dwi.nii.gz	9.893153937475268e-05	1.1647920928892526	0.3037793952321948	1.1074426174163818	1.1649073389655251	1.1074458360671997	0.3035733856308761	1.1680466444369908	1.168049222267494	sub-20966	ses-1				space-ACPC			DSIStudio	autotrackgqi
ProjectionBasalGanglia_ThalamicRadiationR	dti_fa	DSIStudio	/scratch/executivefunction/SLURM_8364170_114/job-8364170-114-sub-20966-ses-1/ds/inputs/data/qsiprep/qsiprep/sub-20966/ses-1/dwi/sub-20966_ses-1_space-ACPC_desc-preproc_dwi.nii.gz	9.893153937475268e-05	0.3548231849938537	0.1712428786896434	0.3383858054876327	0.3548582916709085	0.3384100794792175	0.1712149729847994	0.4282844868588321	0.4282854321404739	sub-20966	ses-1				space-ACPC			DSIStudio	autotrackgqi
ProjectionBasalGanglia_ThalamicRadiationR	gfa	DSIStudio	/scratch/executivefunction/SLURM_8364170_114/job-8364170-114-sub-20966-ses-1/ds/inputs/data/qsiprep/qsiprep/sub-20966/ses-1/dwi/sub-20966_ses-1_space-ACPC_desc-preproc_dwi.nii.gz	9.893153937475268e-05	0.0769013925591873	0.0356466999250537	0.0732725635170936	0.0769090012850762	0.0732745006680488	0.0356402547622484	0.0918205462134031	0.0918207488633261	sub-20966	ses-1				space-ACPC			DSIStudio	autotrackgqi
ProjectionBasalGanglia_ThalamicRadiationR	ha	DSIStudio	/scratch/executivefunction/SLURM_8364170_114/job-8364170-114-sub-20966-ses-1/ds/inputs/data/qsiprep/qsiprep/sub-20966/ses-1/dwi/sub-20966_ses-1_space-ACPC_desc-preproc_dwi.nii.gz	9.893153937475268e-05	-3.1910886129586054	39.66636420622379	-2.068733811378479	-3.1914043435030752	-2.080368757247925	39.66831377844784	-4.717151597754503	-4.717161995324695	sub-20966	ses-1				space-ACPC			DSIStudio	autotrackgqi
ProjectionBasalGanglia_ThalamicRadiationR	iso	DSIStudio	/scratch/executivefunction/SLURM_8364170_114/job-8364170-114-sub-20966-ses-1/ds/inputs/data/qsiprep/qsiprep/sub-20966/ses-1/dwi/sub-20966_ses-1_space-ACPC_desc-preproc_dwi.nii.gz	9.893153937475268e-05	0.5146208329499947	0.1187866958116127	0.4903951734304428	0.5146717502185165	0.4903995394706726	0.1186822207067428	0.4702468712966101	0.4702479090986018	sub-20966	ses-1				space-ACPC			DSIStudio	autotrackgqi
ProjectionBasalGanglia_ThalamicRadiationR	md	DSIStudio	/scratch/executivefunction/SLURM_8364170_114/job-8364170-114-sub-20966-ses-1/ds/inputs/data/qsiprep/qsiprep/sub-20966/ses-1/dwi/sub-20966_ses-1_space-ACPC_desc-preproc_dwi.nii.gz	9.893153937475268e-05	0.843461351717561	0.2632153500442952	0.7738220691680908	0.8435448049036417	0.7738314270973206	0.2630946196374083	0.7775078722664448	0.7775095881183554	sub-20966	ses-1				space-ACPC			DSIStudio	autotrackgqi
ProjectionBasalGanglia_ThalamicRadiationR	qa	DSIStudio	/scratch/executivefunction/SLURM_8364170_114/job-8364170-114-sub-20966-ses-1/ds/inputs/data/qsiprep/qsiprep/sub-20966/ses-1/dwi/sub-20966_ses-1_space-ACPC_desc-preproc_dwi.nii.gz	9.893153937475268e-05	0.1720367691216663	0.0809201415521302	0.1586460396647453	0.1720537906680324	0.1586460620164871	0.0809060477462184	0.1954829636717481	0.1954833950989397	sub-20966	ses-1				space-ACPC			DSIStudio	autotrackgqi
ProjectionBasalGanglia_ThalamicRadiationR	rd1	DSIStudio	/scratch/executivefunction/SLURM_8364170_114/job-8364170-114-sub-20966-ses-1/ds/inputs/data/qsiprep/qsiprep/sub-20966/ses-1/dwi/sub-20966_ses-1_space-ACPC_desc-preproc_dwi.nii.gz	9.893153937475268e-05	0.7879499583260009	0.2910375098829526	0.7358510196208954	0.7880279191411118	0.7358744144439697	0.290946348096423	0.6875042443171397	0.6875057614788053	sub-20966	ses-1				space-ACPC			DSIStudio	autotrackgqi
ProjectionBasalGanglia_ThalamicRadiationR	rd2	DSIStudio	/scratch/executivefunction/SLURM_8364170_114/job-8364170-114-sub-20966-ses-1/ds/inputs/data/qsiprep/qsiprep/sub-20966/ses-1/dwi/sub-20966_ses-1_space-ACPC_desc-preproc_dwi.nii.gz	9.893153937475268e-05	0.5776420050139602	0.2929453641323069	0.5152029991149902	0.5776991576809251	0.5152077674865723	0.2929034997497014	0.4769727306390217	0.4769737832025904	sub-20966	ses-1				space-ACPC			DSIStudio	autotrackgqi
ProjectionBasalGanglia_ThalamicRadiationR	rd	DSIStudio	/scratch/executivefunction/SLURM_8364170_114/job-8364170-114-sub-20966-ses-1/ds/inputs/data/qsiprep/qsiprep/sub-20966/ses-1/dwi/sub-20966_ses-1_space-ACPC_desc-preproc_dwi.nii.gz	9.893153937475268e-05	0.6827959820516127	0.2851776874405356	0.6228827238082886	0.6828635387926884	0.6228860020637512	0.28511090458291	0.5822384879363001	0.5822397727989183	sub-20966	ses-1				space-ACPC			DSIStudio	autotrackgqi
ProjectionBasalGanglia_ThalamicRadiationR	txx	DSIStudio	/scratch/executivefunction/SLURM_8364170_114/job-8364170-114-sub-20966-ses-1/ds/inputs/data/qsiprep/qsiprep/sub-20966/ses-1/dwi/sub-20966_ses-1_space-ACPC_desc-preproc_dwi.nii.gz	9.893153937475268e-05	0.0007982495461466	0.0003063400083009	0.0007534472388215	0.0007983285260166	0.0007534507894888	0.0003062522389672	0.0006904241318488	0.0006904256554978	sub-20966	ses-1				space-ACPC			DSIStudio	autotrackgqi
ProjectionBasalGanglia_ThalamicRadiationR	txy	DSIStudio	/scratch/executivefunction/SLURM_8364170_114/job-8364170-114-sub-20966-ses-1/ds/inputs/data/qsiprep/qsiprep/sub-20966/ses-1/dwi/sub-20966_ses-1_space-ACPC_desc-preproc_dwi.nii.gz	9.893153937475268e-05	4.552473693831719e-05	0.0001325609536828	3.914974513463676e-05	4.552924121623728e-05	3.916457353625447e-05	0.0001325667379178	9.191899833012629e-05	9.191920119971806e-05	sub-20966	ses-1				space-ACPC			DSIStudio	autotrackgqi
ProjectionBasalGanglia_ThalamicRadiationR	txz	DSIStudio	/scratch/executivefunction/SLURM_8364170_114/job-8364170-114-sub-20966-ses-1/ds/inputs/data/qsiprep/qsiprep/sub-20966/ses-1/dwi/sub-20966_ses-1_space-ACPC_desc-preproc_dwi.nii.gz	9.893153937475268e-05	2.109790869165536e-05	0.0001365847686711	1.0890381417993922e-05	2.109999614675496e-05	1.089818852051394e-05	0.0001365913642131	1.0170585463584963e-05	1.0170608041635738e-05	sub-20966	ses-1				space-ACPC			DSIStudio	autotrackgqi
ProjectionBasalGanglia_ThalamicRadiationR	tyy	DSIStudio	/scratch/executivefunction/SLURM_8364170_114/job-8364170-114-sub-20966-ses-1/ds/inputs/data/qsiprep/qsiprep/sub-20966/ses-1/dwi/sub-20966_ses-1_space-ACPC_desc-preproc_dwi.nii.gz	9.893153937475268e-05	0.0008813871072003	0.0003522768921661	0.0008374193275813	0.000881474312811	0.0008374215685762	0.0003521852037908	0.000908224334635	0.0009082263391673	sub-20966	ses-1				space-ACPC			DSIStudio	autotrackgqi
ProjectionBasalGanglia_ThalamicRadiationR	tyz	DSIStudio	/scratch/executivefunction/SLURM_8364170_114/job-8364170-114-sub-20966-ses-1/ds/inputs/data/qsiprep/qsiprep/sub-20966/ses-1/dwi/sub-20966_ses-1_space-ACPC_desc-preproc_dwi.nii.gz	9.893153937475268e-05	1.0011937715192356e-05	0.0001608415597327	-3.3468879792053485e-06	1.0012928309603677e-05	-3.3552021250216058e-06	0.0001608494856422	-3.812834243085443e-06	-3.812842675132028e-06	sub-20966	ses-1				space-ACPC			DSIStudio	autotrackgqi
ProjectionBasalGanglia_ThalamicRadiationR	tzz	DSIStudio	/scratch/executivefunction/SLURM_8364170_114/job-8364170-114-sub-20966-ses-1/ds/inputs/data/qsiprep/qsiprep/sub-20966/ses-1/dwi/sub-20966_ses-1_space-ACPC_desc-preproc_dwi.nii.gz	9.893153937475268e-05	0.000850747402753	0.0002981384035259	0.0008049385505728	0.0008508315768307	0.0008049405878409	0.0002980330254232	0.0007338751520585	0.000733876771433	sub-20966	ses-1				space-ACPC			DSIStudio	autotrackgqi
ProjectionBrainstem_CorticobulbarTractR	ad	DSIStudio	/scratch/executivefunction/SLURM_8364170_114/job-8364170-114-sub-20966-ses-1/ds/inputs/data/qsiprep/qsiprep/sub-20966/ses-1/dwi/sub-20966_ses-1_space-ACPC_desc-preproc_dwi.nii.gz	0.0035778175313059	1.1942931904135965	0.2862658137689641	1.108284592628479	1.1985814963037706	1.1083136796951294	0.2776733336407772	1.2077962896532863	1.2079778841542377	sub-20966	ses-1				space-ACPC			DSIStudio	autotrackgqi
ProjectionBrainstem_CorticobulbarTractR	dti_fa	DSIStudio	/scratch/executivefunction/SLURM_8364170_114/job-8364170-114-sub-20966-ses-1/ds/inputs/data/qsiprep/qsiprep/sub-20966/ses-1/dwi/sub-20966_ses-1_space-ACPC_desc-preproc_dwi.nii.gz	0.0035778175313059	0.4493616049066319	0.1971606270518197	0.4602939784526825	0.4509751115669789	0.460469126701355	0.1956635861326573	0.5080828579444512	0.5081592490745335	sub-20966	ses-1				space-ACPC			DSIStudio	autotrackgqi
ProjectionBrainstem_CorticobulbarTractR	gfa	DSIStudio	/scratch/executivefunction/SLURM_8364170_114/job-8364170-114-sub-20966-ses-1/ds/inputs/data/qsiprep/qsiprep/sub-20966/ses-1/dwi/sub-20966_ses-1_space-ACPC_desc-preproc_dwi.nii.gz	0.0035778175313059	0.0965301658281779	0.0404597435982696	0.0929328873753547	0.0968767732458734	0.0929491892457008	0.0401159635107492	0.1065768510965475	0.1065928751316863	sub-20966	ses-1				space-ACPC			DSIStudio	autotrackgqi
ProjectionBrainstem_CorticobulbarTractR	ha	DSIStudio	/scratch/executivefunction/SLURM_8364170_114/job-8364170-114-sub-20966-ses-1/ds/inputs/data/qsiprep/qsiprep/sub-20966/ses-1/dwi/sub-20966_ses-1_space-ACPC_desc-preproc_dwi.nii.gz	0.0035778175313059	24.86881512628072	34.639378362333815	32.6623649597168	24.958110692263773	33.00880813598633	34.669385261575286	30.72794558683156	30.73256560868024	sub-20966	ses-1				space-ACPC			DSIStudio	autotrackgqi
ProjectionBrainstem_CorticobulbarTractR	iso	DSIStudio	/scratch/executivefunction/SLURM_8364170_114/job-8364170-114-sub-20966-ses-1/ds/inputs/data/qsiprep/qsiprep/sub-20966/ses-1/dwi/sub-20966_ses-1_space-ACPC_desc-preproc_dwi.nii.gz	0.0035778175313059	0.5104856867882988	0.0905418839785776	0.5064910650253296	0.5123186695056715	0.5070130228996277	0.0853709385715376	0.4911630758422046	0.4912369229184041	sub-20966	ses-1				space-ACPC			DSIStudio	autotrackgqi
ProjectionBrainstem_CorticobulbarTractR	md	DSIStudio	/scratch/executivefunction/SLURM_8364170_114/job-8364170-114-sub-20966-ses-1/ds/inputs/data/qsiprep/qsiprep/sub-20966/ses-1/dwi/sub-20966_ses-1_space-ACPC_desc-preproc_dwi.nii.gz	0.0035778175313059	0.7780660955978421	0.1727313163315425	0.7468501925468445	0.7808598697292527	0.747337281703949	0.1666184052950697	0.741361353474788	0.7414728182935604	sub-20966	ses-1				space-ACPC			DSIStudio	autotrackgqi
ProjectionBrainstem_CorticobulbarTractR	qa	DSIStudio	/scratch/executivefunction/SLURM_8364170_114/job-8364170-114-sub-20966-ses-1/ds/inputs/data/qsiprep/qsiprep/sub-20966/ses-1/dwi/sub-20966_ses-1_space-ACPC_desc-preproc_dwi.nii.gz	0.0035778175313059	0.2240444480879682	0.0961956479105062	0.2143432945013046	0.2248489164832571	0.2144655287265777	0.0954250774714062	0.2408084341550057	0.2408446403141424	sub-20966	ses-1				space-ACPC			DSIStudio	autotrackgqi
ProjectionBrainstem_CorticobulbarTractR	rd1	DSIStudio	/scratch/executivefunction/SLURM_8364170_114/job-8364170-114-sub-20966-ses-1/ds/inputs/data/qsiprep/qsiprep/sub-20966/ses-1/dwi/sub-20966_ses-1_space-ACPC_desc-preproc_dwi.nii.gz	0.0035778175313059	0.6770250199625871	0.2101571895223847	0.6720248460769653	0.6794559895136199	0.6720972061157227	0.2065741826161841	0.6178551628900073	0.617948058064482	sub-20966	ses-1				space-ACPC			DSIStudio	autotrackgqi
ProjectionBrainstem_CorticobulbarTractR	rd2	DSIStudio	/scratch/executivefunction/SLURM_8364170_114/job-8364170-114-sub-20966-ses-1/ds/inputs/data/qsiprep/qsiprep/sub-20966/ses-1/dwi/sub-20966_ses-1_space-ACPC_desc-preproc_dwi.nii.gz	0.0035778175313059	0.4628800783464218	0.2180356160764394	0.4227906763553619	0.4645421253063731	0.4238953590393066	0.216652111787954	0.3984326188160457	0.3984925235985811	sub-20966	ses-1				space-ACPC			DSIStudio	autotrackgqi
ProjectionBrainstem_CorticobulbarTractR	rd	DSIStudio	/scratch/executivefunction/SLURM_8364170_114/job-8364170-114-sub-20966-ses-1/ds/inputs/data/qsiprep/qsiprep/sub-20966/ses-1/dwi/sub-20966_ses-1_space-ACPC_desc-preproc_dwi.nii.gz	0.0035778175313059	0.5699525498693446	0.2054570193682037	0.5465251207351685	0.5719990581274033	0.5473337769508362	0.2029619600785415	0.508143892379276	0.5082202923580106	sub-20966	ses-1				space-ACPC			DSIStudio	autotrackgqi
ProjectionBrainstem_CorticobulbarTractR	txx	DSIStudio	/scratch/executivefunction/SLURM_8364170_114/job-8364170-114-sub-20966-ses-1/ds/inputs/data/qsiprep/qsiprep/sub-20966/ses-1/dwi/sub-20966_ses-1_space-ACPC_desc-preproc_dwi.nii.gz	0.0035778175313059	0.0007374907354314	0.0002352904488966	0.000750123290345	0.0007401388170667	0.0007504383102059	0.0002315176715402	0.0006935725132744	0.0006936767924916	sub-20966	ses-1				space-ACPC			DSIStudio	autotrackgqi
ProjectionBrainstem_CorticobulbarTractR	txy	DSIStudio	/scratch/executivefunction/SLURM_8364170_114/job-8364170-114-sub-20966-ses-1/ds/inputs/data/qsiprep/qsiprep/sub-20966/ses-1/dwi/sub-20966_ses-1_space-ACPC_desc-preproc_dwi.nii.gz	0.0035778175313059	8.92108108613798e-05	0.0001213878118817	8.614546823082492e-05	8.953113693269535e-05	8.671464456710964e-05	0.000121487572028	0.0001215560847748	0.0001215743611598	sub-20966	ses-1				space-ACPC			DSIStudio	autotrackgqi
ProjectionBrainstem_CorticobulbarTractR	txz	DSIStudio	/scratch/executivefunction/SLURM_8364170_114/job-8364170-114-sub-20966-ses-1/ds/inputs/data/qsiprep/qsiprep/sub-20966/ses-1/dwi/sub-20966_ses-1_space-ACPC_desc-preproc_dwi.nii.gz	0.0035778175313059	-5.591527241883109e-05	0.0001649622553958	-5.607364801107906e-05	-5.611604538981432e-05	-5.726685776608065e-05	0.0001652240607048	-9.096772283441609e-05	-9.098140011821532e-05	sub-20966	ses-1				space-ACPC			DSIStudio	autotrackgqi
ProjectionBrainstem_CorticobulbarTractR	tyy	DSIStudio	/scratch/executivefunction/SLURM_8364170_114/job-8364170-114-sub-20966-ses-1/ds/inputs/data/qsiprep/qsiprep/sub-20966/ses-1/dwi/sub-20966_ses-1_space-ACPC_desc-preproc_dwi.nii.gz	0.0035778175313059	0.0007211772037948	0.0002698369567818	0.0006921052117832	0.0007237667090149	0.0006933747208677	0.0002668318364832	0.0007060386350905	0.0007061447890787	sub-20966	ses-1				space-ACPC			DSIStudio	autotrackgqi
ProjectionBrainstem_CorticobulbarTractR	tyz	DSIStudio	/scratch/executivefunction/SLURM_8364170_114/job-8364170-114-sub-20966-ses-1/ds/inputs/data/qsiprep/qsiprep/sub-20966/ses-1/dwi/sub-20966_ses-1_space-ACPC_desc-preproc_dwi.nii.gz	0.0035778175313059	-0.0001665665359658	0.0001915804583347	-0.0001391027617501	-0.0001671646204755	-0.000139188952744	0.0001916634598849	-0.0002319659109923	-0.0002320007877933	sub-20966	ses-1				space-ACPC			DSIStudio	autotrackgqi
ProjectionBrainstem_CorticobulbarTractR	tzz	DSIStudio	/scratch/executivefunction/SLURM_8364170_114/job-8364170-114-sub-20966-ses-1/ds/inputs/data/qsiprep/qsiprep/sub-20966/ses-1/dwi/sub-20966_ses-1_space-ACPC_desc-preproc_dwi.nii.gz	0.0035778175313059	0.0008755303512538	0.0002809526838178	0.0008285689982585	0.0008786740868059	0.0008286680094897	0.0002765059105098	0.0008244729206555	0.0008245968819076	sub-20966	ses-1				space-ACPC			DSIStudio	autotrackgqi
ProjectionBasalGanglia_AcousticRadiationR	ad	DSIStudio	/scratch/executivefunction/SLURM_8364170_114/job-8364170-114-sub-20966-ses-1/ds/inputs/data/qsiprep/qsiprep/sub-20966/ses-1/dwi/sub-20966_ses-1_space-ACPC_desc-preproc_dwi.nii.gz	0.0	1.3321462993351918	0.4553689494481651	1.225582480430603	1.3321462993351918	1.225582480430603	0.4553689494481651	1.2817785595048132	1.2817785595048132	sub-20966	ses-1				space-ACPC			DSIStudio	autotrackgqi
ProjectionBasalGanglia_AcousticRadiationR	dti_fa	DSIStudio	/scratch/executivefunction/SLURM_8364170_114/job-8364170-114-sub-20966-ses-1/ds/inputs/data/qsiprep/qsiprep/sub-20966/ses-1/dwi/sub-20966_ses-1_space-ACPC_desc-preproc_dwi.nii.gz	0.0	0.4412700584307246	0.1781298265011539	0.4428909122943878	0.4412700584307246	0.4428909122943878	0.1781298265011539	0.472851647019374	0.472851647019374	sub-20966	ses-1				space-ACPC			DSIStudio	autotrackgqi
ProjectionBasalGanglia_AcousticRadiationR	gfa	DSIStudio	/scratch/executivefunction/SLURM_8364170_114/job-8364170-114-sub-20966-ses-1/ds/inputs/data/qsiprep/qsiprep/sub-20966/ses-1/dwi/sub-20966_ses-1_space-ACPC_desc-preproc_dwi.nii.gz	0.0	0.0987378146536213	0.0364186326099645	0.0989625975489616	0.0987378146536213	0.0989625975489616	0.0364186326099645	0.1020584998615412	0.1020584998615412	sub-20966	ses-1				space-ACPC			DSIStudio	autotrackgqi
ProjectionBasalGanglia_AcousticRadiationR	ha	DSIStudio	/scratch/executivefunction/SLURM_8364170_114/job-8364170-114-sub-20966-ses-1/ds/inputs/data/qsiprep/qsiprep/sub-20966/ses-1/dwi/sub-20966_ses-1_space-ACPC_desc-preproc_dwi.nii.gz	0.0	-12.929498637043212	37.76057441340704	-19.453182220458984	-12.929498637043212	-19.453182220458984	37.76057441340704	-17.092626937824924	-17.092626937824924	sub-20966	ses-1				space-ACPC			DSIStudio	autotrackgqi
ProjectionBasalGanglia_AcousticRadiationR	iso	DSIStudio	/scratch/executivefunction/SLURM_8364170_114/job-8364170-114-sub-20966-ses-1/ds/inputs/data/qsiprep/qsiprep/sub-20966/ses-1/dwi/sub-20966_ses-1_space-ACPC_desc-preproc_dwi.nii.gz	0.0	0.4677188571304859	0.0703233361789137	0.4786712229251861	0.4677188571304859	0.4786712229251861	0.0703233361789137	0.4758714302390359	0.4758714302390359	sub-20966	ses-1				space-ACPC			DSIStudio	autotrackgqi
ProjectionBasalGanglia_AcousticRadiationR	md	DSIStudio	/scratch/executivefunction/SLURM_8364170_114/job-8364170-114-sub-20966-ses-1/ds/inputs/data/qsiprep/qsiprep/sub-20966/ses-1/dwi/sub-20966_ses-1_space-ACPC_desc-preproc_dwi.nii.gz	0.0	0.8988231093575049	0.4023284626334977	0.7642204165458679	0.8988231093575049	0.7642204165458679	0.4023284626334977	0.8348411175426433	0.8348411175426433	sub-20966	ses-1				space-ACPC			DSIStudio	autotrackgqi
ProjectionBasalGanglia_AcousticRadiationR	qa	DSIStudio	/scratch/executivefunction/SLURM_8364170_114/job-8364170-114-sub-20966-ses-1/ds/inputs/data/qsiprep/qsiprep/sub-20966/ses-1/dwi/sub-20966_ses-1_space-ACPC_desc-preproc_dwi.nii.gz	0.0	0.2152762429559434	0.0958421591118921	0.2073494344949722	0.2152762429559434	0.2073494344949722	0.0958421591118921	0.2262189334963263	0.2262189334963263	sub-20966	ses-1				space-ACPC			DSIStudio	autotrackgqi
ProjectionBasalGanglia_AcousticRadiationR	rd1	DSIStudio	/scratch/executivefunction/SLURM_8364170_114/job-8364170-114-sub-20966-ses-1/ds/inputs/data/qsiprep/qsiprep/sub-20966/ses-1/dwi/sub-20966_ses-1_space-ACPC_desc-preproc_dwi.nii.gz	0.0	0.7996373652394355	0.420324629585791	0.6947725415229797	0.7996373652394355	0.6947725415229797	0.420324629585791	0.7293306129798209	0.7293306129798209	sub-20966	ses-1				space-ACPC			DSIStudio	autotrackgqi
ProjectionBasalGanglia_AcousticRadiationR	rd2	DSIStudio	/scratch/executivefunction/SLURM_8364170_114/job-8364170-114-sub-20966-ses-1/ds/inputs/data/qsiprep/qsiprep/sub-20966/ses-1/dwi/sub-20966_ses-1_space-ACPC_desc-preproc_dwi.nii.gz	0.0	0.5646856710832396	0.4152639153026981	0.441237598657608	0.5646856710832396	0.441237598657608	0.4152639153026981	0.4934141868162476	0.4934141868162476	sub-20966	ses-1				space-ACPC			DSIStudio	autotrackgqi
ProjectionBasalGanglia_AcousticRadiationR	rd	DSIStudio	/scratch/executivefunction/SLURM_8364170_114/job-8364170-114-sub-20966-ses-1/ds/inputs/data/qsiprep/qsiprep/sub-20966/ses-1/dwi/sub-20966_ses-1_space-ACPC_desc-preproc_dwi.nii.gz	0.0	0.682161518485559	0.4130661606675336	0.5721705555915833	0.682161518485559	0.5721705555915833	0.4130661606675336	0.6113723975446488	0.6113723975446488	sub-20966	ses-1				space-ACPC			DSIStudio	autotrackgqi
ProjectionBasalGanglia_AcousticRadiationR	txx	DSIStudio	/scratch/executivefunction/SLURM_8364170_114/job-8364170-114-sub-20966-ses-1/ds/inputs/data/qsiprep/qsiprep/sub-20966/ses-1/dwi/sub-20966_ses-1_space-ACPC_desc-preproc_dwi.nii.gz	0.0	0.0008568736553384	0.0004186783836277	0.0007865907973609	0.0008568736553384	0.0007865907973609	0.0004186783836277	0.0007903360329699	0.0007903360329699	sub-20966	ses-1				space-ACPC			DSIStudio	autotrackgqi
ProjectionBasalGanglia_AcousticRadiationR	txy	DSIStudio	/scratch/executivefunction/SLURM_8364170_114/job-8364170-114-sub-20966-ses-1/ds/inputs/data/qsiprep/qsiprep/sub-20966/ses-1/dwi/sub-20966_ses-1_space-ACPC_desc-preproc_dwi.nii.gz	0.0	1.3441231798095772e-05	0.0001394271959881	1.3784997463517357e-05	1.3441231798095772e-05	1.3784997463517357e-05	0.0001394271959881	-2.28378168150247e-06	-2.28378168150247e-06	sub-20966	ses-1				space-ACPC			DSIStudio	autotrackgqi
ProjectionBasalGanglia_AcousticRadiationR	txz	DSIStudio	/scratch/executivefunction/SLURM_8364170_114/job-8364170-114-sub-20966-ses-1/ds/inputs/data/qsiprep/qsiprep/sub-20966/ses-1/dwi/sub-20966_ses-1_space-ACPC_desc-preproc_dwi.nii.gz	0.0	-1.1041261844399256e-05	0.0001819497875148	-1.4083930182096084e-05	-1.1041261844399256e-05	-1.4083930182096084e-05	0.0001819497875148	-2.8786011862013567e-05	-2.8786011862013567e-05	sub-20966	ses-1				space-ACPC			DSIStudio	autotrackgqi
ProjectionBasalGanglia_AcousticRadiationR	tyy	DSIStudio	/scratch/executivefunction/SLURM_8364170_114/job-8364170-114-sub-20966-ses-1/ds/inputs/data/qsiprep/qsiprep/sub-20966/ses-1/dwi/sub-20966_ses-1_space-ACPC_desc-preproc_dwi.nii.gz	0.0	0.0009006466507532	0.0004674426773722	0.0007723422022536	0.0009006466507532	0.0007723422022536	0.0004674426773722	0.0008324195363358	0.0008324195363358	sub-20966	ses-1				space-ACPC			DSIStudio	autotrackgqi
ProjectionBasalGanglia_AcousticRadiationR	tyz	DSIStudio	/scratch/executivefunction/SLURM_8364170_114/job-8364170-114-sub-20966-ses-1/ds/inputs/data/qsiprep/qsiprep/sub-20966/ses-1/dwi/sub-20966_ses-1_space-ACPC_desc-preproc_dwi.nii.gz	0.0	0.000113813303754	0.0002070043185583	0.0001211695125675	0.000113813303754	0.0001211695125675	0.0002070043185583	0.0001512682633079	0.0001512682633079	sub-20966	ses-1				space-ACPC			DSIStudio	autotrackgqi
ProjectionBasalGanglia_AcousticRadiationR	tzz	DSIStudio	/scratch/executivefunction/SLURM_8364170_114/job-8364170-114-sub-20966-ses-1/ds/inputs/data/qsiprep/qsiprep/sub-20966/ses-1/dwi/sub-20966_ses-1_space-ACPC_desc-preproc_dwi.nii.gz	0.0	0.0009389490259728	0.0005012584186923	0.0007984580588527	0.0009389490259728	0.0007984580588527	0.0005012584186923	0.0008817677818094	0.0008817677818094	sub-20966	ses-1				space-ACPC			DSIStudio	autotrackgqi
ProjectionBasalGanglia_AcousticRadiationL	ad	DSIStudio	/scratch/executivefunction/SLURM_8364170_114/job-8364170-114-sub-20966-ses-1/ds/inputs/data/qsiprep/qsiprep/sub-20966/ses-1/dwi/sub-20966_ses-1_space-ACPC_desc-preproc_dwi.nii.gz	0.0	1.4344513989519327	0.5645424154773893	1.2853859663009644	1.4344513989519327	1.2853859663009644	0.5645424154773893	1.3157767895158314	1.3157767895158314	sub-20966	ses-1				space-ACPC			DSIStudio	autotrackgqi
ProjectionBasalGanglia_AcousticRadiationL	dti_fa	DSIStudio	/scratch/executivefunction/SLURM_8364170_114/job-8364170-114-sub-20966-ses-1/ds/inputs/data/qsiprep/qsiprep/sub-20966/ses-1/dwi/sub-20966_ses-1_space-ACPC_desc-preproc_dwi.nii.gz	0.0	0.448911209963262	0.1907275926613308	0.4556486457586288	0.448911209963262	0.4556486457586288	0.1907275926613308	0.5011431419037522	0.5011431419037522	sub-20966	ses-1				space-ACPC			DSIStudio	autotrackgqi
ProjectionBasalGanglia_AcousticRadiationL	gfa	DSIStudio	/scratch/executivefunction/SLURM_8364170_114/job-8364170-114-sub-20966-ses-1/ds/inputs/data/qsiprep/qsiprep/sub-20966/ses-1/dwi/sub-20966_ses-1_space-ACPC_desc-preproc_dwi.nii.gz	0.0	0.1018764454565825	0.0379472878625115	0.102994430810213	0.1018764454565825	0.102994430810213	0.0379472878625115	0.1079593323805298	0.1079593323805298	sub-20966	ses-1				space-ACPC			DSIStudio	autotrackgqi
ProjectionBasalGanglia_AcousticRadiationL	ha	DSIStudio	/scratch/executivefunction/SLURM_8364170_114/job-8364170-114-sub-20966-ses-1/ds/inputs/data/qsiprep/qsiprep/sub-20966/ses-1/dwi/sub-20966_ses-1_space-ACPC_desc-preproc_dwi.nii.gz	0.0	15.707049992021348	29.398823584581404	17.83189868927002	15.707049992021348	17.83189868927002	29.398823584581404	15.345366933586453	15.345366933586453	sub-20966	ses-1				space-ACPC			DSIStudio	autotrackgqi
ProjectionBasalGanglia_AcousticRadiationL	iso	DSIStudio	/scratch/executivefunction/SLURM_8364170_114/job-8364170-114-sub-20966-ses-1/ds/inputs/data/qsiprep/qsiprep/sub-20966/ses-1/dwi/sub-20966_ses-1_space-ACPC_desc-preproc_dwi.nii.gz	0.0	0.4314900862518698	0.0802060849963406	0.4445890039205551	0.4314900862518698	0.4445890039205551	0.0802060849963406	0.435905047814208	0.435905047814208	sub-20966	ses-1				space-ACPC			DSIStudio	autotrackgqi
ProjectionBasalGanglia_AcousticRadiationL	md	DSIStudio	/scratch/executivefunction/SLURM_8364170_114/job-8364170-114-sub-20966-ses-1/ds/inputs/data/qsiprep/qsiprep/sub-20966/ses-1/dwi/sub-20966_ses-1_space-ACPC_desc-preproc_dwi.nii.gz	0.0	0.9756329140625896	0.5363829742282733	0.771321177482605	0.9756329140625896	0.771321177482605	0.5363829742282733	0.8380311808638791	0.8380311808638791	sub-20966	ses-1				space-ACPC			DSIStudio	autotrackgqi
ProjectionBasalGanglia_AcousticRadiationL	qa	DSIStudio	/scratch/executivefunction/SLURM_8364170_114/job-8364170-114-sub-20966-ses-1/ds/inputs/data/qsiprep/qsiprep/sub-20966/ses-1/dwi/sub-20966_ses-1_space-ACPC_desc-preproc_dwi.nii.gz	0.0	0.207484129727527	0.0893866417552424	0.2114529758691787	0.207484129727527	0.2114529758691787	0.0893866417552424	0.2209945569412003	0.2209945569412003	sub-20966	ses-1				space-ACPC			DSIStudio	autotrackgqi
ProjectionBasalGanglia_AcousticRadiationL	rd1	DSIStudio	/scratch/executivefunction/SLURM_8364170_114/job-8364170-114-sub-20966-ses-1/ds/inputs/data/qsiprep/qsiprep/sub-20966/ses-1/dwi/sub-20966_ses-1_space-ACPC_desc-preproc_dwi.nii.gz	0.0	0.8662653906270862	0.5602193884237064	0.6968667209148407	0.8662653906270862	0.6968667209148407	0.5602193884237064	0.7186619353702326	0.7186619353702326	sub-20966	ses-1				space-ACPC			DSIStudio	autotrackgqi
ProjectionBasalGanglia_AcousticRadiationL	rd2	DSIStudio	/scratch/executivefunction/SLURM_8364170_114/job-8364170-114-sub-20966-ses-1/ds/inputs/data/qsiprep/qsiprep/sub-20966/ses-1/dwi/sub-20966_ses-1_space-ACPC_desc-preproc_dwi.nii.gz	0.0	0.6261819443605419	0.5510359261039158	0.4394208341836929	0.6261819443605419	0.4394208341836929	0.5510359261039158	0.4796548219761203	0.4796548219761203	sub-20966	ses-1				space-ACPC			DSIStudio	autotrackgqi
ProjectionBasalGanglia_AcousticRadiationL	rd	DSIStudio	/scratch/executivefunction/SLURM_8364170_114/job-8364170-114-sub-20966-ses-1/ds/inputs/data/qsiprep/qsiprep/sub-20966/ses-1/dwi/sub-20966_ses-1_space-ACPC_desc-preproc_dwi.nii.gz	0.0	0.7462236669263802	0.5519019093908788	0.565205305814743	0.7462236669263802	0.565205305814743	0.5519019093908788	0.5991583764433476	0.5991583764433476	sub-20966	ses-1				space-ACPC			DSIStudio	autotrackgqi
ProjectionBasalGanglia_AcousticRadiationL	txx	DSIStudio	/scratch/executivefunction/SLURM_8364170_114/job-8364170-114-sub-20966-ses-1/ds/inputs/data/qsiprep/qsiprep/sub-20966/ses-1/dwi/sub-20966_ses-1_space-ACPC_desc-preproc_dwi.nii.gz	0.0	0.0009207668502313	0.0005682558602084	0.0007854891300667	0.0009207668502313	0.0007854891300667	0.0005682558602084	0.0007854455916583	0.0007854455916583	sub-20966	ses-1				space-ACPC			DSIStudio	autotrackgqi
ProjectionBasalGanglia_AcousticRadiationL	txy	DSIStudio	/scratch/executivefunction/SLURM_8364170_114/job-8364170-114-sub-20966-ses-1/ds/inputs/data/qsiprep/qsiprep/sub-20966/ses-1/dwi/sub-20966_ses-1_space-ACPC_desc-preproc_dwi.nii.gz	0.0	-2.335154576513787e-05	0.0001890305938223	-4.033108416479081e-05	-2.335154576513787e-05	-4.033108416479081e-05	0.0001890305938223	-5.697798670952311e-05	-5.697798670952311e-05	sub-20966	ses-1				space-ACPC			DSIStudio	autotrackgqi
ProjectionBasalGanglia_AcousticRadiationL	txz	DSIStudio	/scratch/executivefunction/SLURM_8364170_114/job-8364170-114-sub-20966-ses-1/ds/inputs/data/qsiprep/qsiprep/sub-20966/ses-1/dwi/sub-20966_ses-1_space-ACPC_desc-preproc_dwi.nii.gz	0.0	-6.921637653706792e-05	0.0001734974003994	-5.794532989966683e-05	-6.921637653706792e-05	-5.794532989966683e-05	0.0001734974003994	-8.045091652729142e-05	-8.045091652729142e-05	sub-20966	ses-1				space-ACPC			DSIStudio	autotrackgqi
ProjectionBasalGanglia_AcousticRadiationL	tyy	DSIStudio	/scratch/executivefunction/SLURM_8364170_114/job-8364170-114-sub-20966-ses-1/ds/inputs/data/qsiprep/qsiprep/sub-20966/ses-1/dwi/sub-20966_ses-1_space-ACPC_desc-preproc_dwi.nii.gz	0.0	0.0010805871606294	0.0005629201866553	0.0009680970106273	0.0010805871606294	0.0009680970106273	0.0005629201866553	0.00100641756676	0.00100641756676	sub-20966	ses-1				space-ACPC			DSIStudio	autotrackgqi
ProjectionBasalGanglia_AcousticRadiationL	tyz	DSIStudio	/scratch/executivefunction/SLURM_8364170_114/job-8364170-114-sub-20966-ses-1/ds/inputs/data/qsiprep/qsiprep/sub-20966/ses-1/dwi/sub-20966_ses-1_space-ACPC_desc-preproc_dwi.nii.gz	0.0	0.0001290127332901	0.0001843909199047	0.0001185661276394	0.0001290127332901	0.0001185661276394	0.0001843909199047	0.000169659112026	0.000169659112026	sub-20966	ses-1				space-ACPC			DSIStudio	autotrackgqi
ProjectionBasalGanglia_AcousticRadiationL	tzz	DSIStudio	/scratch/executivefunction/SLURM_8364170_114/job-8364170-114-sub-20966-ses-1/ds/inputs/data/qsiprep/qsiprep/sub-20966/ses-1/dwi/sub-20966_ses-1_space-ACPC_desc-preproc_dwi.nii.gz	0.0	0.0009255447246403	0.0006171134002463	0.0007340307638514	0.0009255447246403	0.0007340307638514	0.0006171134002463	0.0007222303863668	0.0007222303863668	sub-20966	ses-1				space-ACPC			DSIStudio	autotrackgqi
ProjectionBasalGanglia_CorticostriatalTractR	ad	DSIStudio	/scratch/executivefunction/SLURM_8364170_114/job-8364170-114-sub-20966-ses-1/ds/inputs/data/qsiprep/qsiprep/sub-20966/ses-1/dwi/sub-20966_ses-1_space-ACPC_desc-preproc_dwi.nii.gz	0.0005204074046539	1.161817132784136	0.2790644800465312	1.1076918840408323	1.1624220658345294	1.1078316569328308	0.2778746936274991	1.1969564689532892	1.1969754468194982	sub-20966	ses-1				space-ACPC			DSIStudio	autotrackgqi
ProjectionBasalGanglia_CorticostriatalTractR	dti_fa	DSIStudio	/scratch/executivefunction/SLURM_8364170_114/job-8364170-114-sub-20966-ses-1/ds/inputs/data/qsiprep/qsiprep/sub-20966/ses-1/dwi/sub-20966_ses-1_space-ACPC_desc-preproc_dwi.nii.gz	0.0005204074046539	0.3645935278156283	0.1877498720205382	0.3577683568000793	0.3647833637792336	0.3578337430953979	0.1876142834711815	0.4701581047437209	0.4701655590942236	sub-20966	ses-1				space-ACPC			DSIStudio	autotrackgqi
ProjectionBasalGanglia_CorticostriatalTractR	gfa	DSIStudio	/scratch/executivefunction/SLURM_8364170_114/job-8364170-114-sub-20966-ses-1/ds/inputs/data/qsiprep/qsiprep/sub-20966/ses-1/dwi/sub-20966_ses-1_space-ACPC_desc-preproc_dwi.nii.gz	0.0005204074046539	0.0791759161691541	0.0395754752368812	0.077257290482521	0.0792171413560914	0.0773262381553649	0.0395445065049952	0.100525021928417	0.1005266157530248	sub-20966	ses-1				space-ACPC			DSIStudio	autotrackgqi
ProjectionBasalGanglia_CorticostriatalTractR	ha	DSIStudio	/scratch/executivefunction/SLURM_8364170_114/job-8364170-114-sub-20966-ses-1/ds/inputs/data/qsiprep/qsiprep/sub-20966/ses-1/dwi/sub-20966_ses-1_space-ACPC_desc-preproc_dwi.nii.gz	0.0005204074046539	-4.932133396648208	45.65271110577783	-6.482113361358643	-4.934701451823494	-6.49405837059021	45.66445599123831	-21.949857707756248	-21.95020571567801	sub-20966	ses-1				space-ACPC			DSIStudio	autotrackgqi
ProjectionBasalGanglia_CorticostriatalTractR	iso	DSIStudio	/scratch/executivefunction/SLURM_8364170_114/job-8364170-114-sub-20966-ses-1/ds/inputs/data/qsiprep/qsiprep/sub-20966/ses-1/dwi/sub-20966_ses-1_space-ACPC_desc-preproc_dwi.nii.gz	0.0005204074046539	0.5212115142634302	0.1089630068365734	0.5082515478134155	0.5214828978248586	0.5082728564739227	0.1083401908537947	0.4992428696465607	0.4992507852469475	sub-20966	ses-1				space-ACPC			DSIStudio	autotrackgqi
ProjectionBasalGanglia_CorticostriatalTractR	md	DSIStudio	/scratch/executivefunction/SLURM_8364170_114/job-8364170-114-sub-20966-ses-1/ds/inputs/data/qsiprep/qsiprep/sub-20966/ses-1/dwi/sub-20966_ses-1_space-ACPC_desc-preproc_dwi.nii.gz	0.0005204074046539	0.8283077037123515	0.2248895911230283	0.7694852352142334	0.828738985616992	0.7695432603359222	0.2241522731241857	0.7619904191270778	0.7620025006133961	sub-20966	ses-1				space-ACPC			DSIStudio	autotrackgqi
ProjectionBasalGanglia_CorticostriatalTractR	qa	DSIStudio	/scratch/executivefunction/SLURM_8364170_114/job-8364170-114-sub-20966-ses-1/ds/inputs/data/qsiprep/qsiprep/sub-20966/ses-1/dwi/sub-20966_ses-1_space-ACPC_desc-preproc_dwi.nii.gz	0.0005204074046539	0.1820368889780731	0.0933196263874063	0.1734654605388641	0.182131671648621	0.1735198348760604	0.0932514026589392	0.230779601081762	0.2307832600888241	sub-20966	ses-1				space-ACPC			DSIStudio	autotrackgqi
ProjectionBasalGanglia_CorticostriatalTractR	rd1	DSIStudio	/scratch/executivefunction/SLURM_8364170_114/job-8364170-114-sub-20966-ses-1/ds/inputs/data/qsiprep/qsiprep/sub-20966/ses-1/dwi/sub-20966_ses-1_space-ACPC_desc-preproc_dwi.nii.gz	0.0005204074046539	0.7623346087075319	0.263269808584096	0.726764440536499	0.7627315398486322	0.726847916841507	0.2627628758896598	0.6466864792814049	0.6466967326206547	sub-20966	ses-1				space-ACPC			DSIStudio	autotrackgqi
ProjectionBasalGanglia_CorticostriatalTractR	rd2	DSIStudio	/scratch/executivefunction/SLURM_8364170_114/job-8364170-114-sub-20966-ses-1/ds/inputs/data/qsiprep/qsiprep/sub-20966/ses-1/dwi/sub-20966_ses-1_space-ACPC_desc-preproc_dwi.nii.gz	0.0005204074046539	0.5607713712650231	0.2667293957981815	0.5069596171379089	0.561063352788294	0.5070908665657043	0.2664916394363555	0.4423283113978393	0.4423353246513713	sub-20966	ses-1				space-ACPC			DSIStudio	autotrackgqi
ProjectionBasalGanglia_CorticostriatalTractR	rd	DSIStudio	/scratch/executivefunction/SLURM_8364170_114/job-8364170-114-sub-20966-ses-1/ds/inputs/data/qsiprep/qsiprep/sub-20966/ses-1/dwi/sub-20966_ses-1_space-ACPC_desc-preproc_dwi.nii.gz	0.0005204074046539	0.6615529903213815	0.2578760552859852	0.6160290241241455	0.6618974466537416	0.6161728799343109	0.2575008548835225	0.5445073956108033	0.5445160289071986	sub-20966	ses-1				space-ACPC			DSIStudio	autotrackgqi
ProjectionBasalGanglia_CorticostriatalTractR	txx	DSIStudio	/scratch/executivefunction/SLURM_8364170_114/job-8364170-114-sub-20966-ses-1/ds/inputs/data/qsiprep/qsiprep/sub-20966/ses-1/dwi/sub-20966_ses-1_space-ACPC_desc-preproc_dwi.nii.gz	0.0005204074046539	0.000775734715209	0.000290223251497	0.0007447993848472	0.0007761386234957	0.0007449056138284	0.0002897583534346	0.0006401272905498	0.0006401374399627	sub-20966	ses-1				space-ACPC			DSIStudio	autotrackgqi
ProjectionBasalGanglia_CorticostriatalTractR	txy	DSIStudio	/scratch/executivefunction/SLURM_8364170_114/job-8364170-114-sub-20966-ses-1/ds/inputs/data/qsiprep/qsiprep/sub-20966/ses-1/dwi/sub-20966_ses-1_space-ACPC_desc-preproc_dwi.nii.gz	0.0005204074046539	2.0433748241937718e-05	0.0001245942482861	1.8351807739236392e-05	2.044438765265577e-05	1.840682944020955e-05	0.0001246258081556	9.967975472054568e-06	9.968133512464027e-06	sub-20966	ses-1				space-ACPC			DSIStudio	autotrackgqi
ProjectionBasalGanglia_CorticostriatalTractR	txz	DSIStudio	/scratch/executivefunction/SLURM_8364170_114/job-8364170-114-sub-20966-ses-1/ds/inputs/data/qsiprep/qsiprep/sub-20966/ses-1/dwi/sub-20966_ses-1_space-ACPC_desc-preproc_dwi.nii.gz	0.0005204074046539	8.42809092744839e-06	0.0001464092879345	8.342108230863232e-06	8.432479252090768e-06	8.419354344368912e-06	0.0001464472727084	-1.0199045056224371e-05	-1.0199206739447952e-05	sub-20966	ses-1				space-ACPC			DSIStudio	autotrackgqi
ProjectionBasalGanglia_CorticostriatalTractR	tyy	DSIStudio	/scratch/executivefunction/SLURM_8364170_114/job-8364170-114-sub-20966-ses-1/ds/inputs/data/qsiprep/qsiprep/sub-20966/ses-1/dwi/sub-20966_ses-1_space-ACPC_desc-preproc_dwi.nii.gz	0.0005204074046539	0.0008276175422963	0.0003240635617851	0.0007773473626002	0.0008280484648488	0.0007775549893267	0.000323597044948	0.0007944233048599	0.0007944359004997	sub-20966	ses-1				space-ACPC			DSIStudio	autotrackgqi
ProjectionBasalGanglia_CorticostriatalTractR	tyz	DSIStudio	/scratch/executivefunction/SLURM_8364170_114/job-8364170-114-sub-20966-ses-1/ds/inputs/data/qsiprep/qsiprep/sub-20966/ses-1/dwi/sub-20966_ses-1_space-ACPC_desc-preproc_dwi.nii.gz	0.0005204074046539	3.753596691981094e-05	0.0001744518678418	1.7578706319909543e-05	3.755551108586559e-05	1.7637115888646804e-05	0.0001744951754166	0.0001245804955844	0.0001245824706918	sub-20966	ses-1				space-ACPC			DSIStudio	autotrackgqi
ProjectionBasalGanglia_CorticostriatalTractR	tzz	DSIStudio	/scratch/executivefunction/SLURM_8364170_114/job-8364170-114-sub-20966-ses-1/ds/inputs/data/qsiprep/qsiprep/sub-20966/ses-1/dwi/sub-20966_ses-1_space-ACPC_desc-preproc_dwi.nii.gz	0.0005204074046539	0.0008815708548253	0.0002684406386435	0.0008540982962585	0.0008820298697006	0.0008542056020814	0.0002677555450855	0.0008514206623693	0.0008514341617755	sub-20966	ses-1				space-ACPC			DSIStudio	autotrackgqi
ProjectionBrainstem_CorticobulbarTractL	ad	DSIStudio	/scratch/executivefunction/SLURM_8364170_114/job-8364170-114-sub-20966-ses-1/ds/inputs/data/qsiprep/qsiprep/sub-20966/ses-1/dwi/sub-20966_ses-1_space-ACPC_desc-preproc_dwi.nii.gz	0.0	1.2734264589972415	0.3230339002139181	1.2210326194763184	1.2734264589972415	1.2210326194763184	0.3230339002139181	1.2787163728762476	1.278716506847566	sub-20966	ses-1				space-ACPC			DSIStudio	autotrackgqi
ProjectionBrainstem_CorticobulbarTractL	dti_fa	DSIStudio	/scratch/executivefunction/SLURM_8364170_114/job-8364170-114-sub-20966-ses-1/ds/inputs/data/qsiprep/qsiprep/sub-20966/ses-1/dwi/sub-20966_ses-1_space-ACPC_desc-preproc_dwi.nii.gz	0.0	0.5119048627251286	0.1811508707811066	0.5213668346405029	0.5119048627251286	0.5213668346405029	0.1811508707811066	0.5223697104520413	0.5223697656030185	sub-20966	ses-1				space-ACPC			DSIStudio	autotrackgqi
ProjectionBrainstem_CorticobulbarTractL	gfa	DSIStudio	/scratch/executivefunction/SLURM_8364170_114/job-8364170-114-sub-20966-ses-1/ds/inputs/data/qsiprep/qsiprep/sub-20966/ses-1/dwi/sub-20966_ses-1_space-ACPC_desc-preproc_dwi.nii.gz	0.0	0.1125392068998288	0.0403207206428883	0.1129765957593917	0.1125392068998288	0.1129765957593917	0.0403207206428883	0.1144850668053686	0.1144850788359755	sub-20966	ses-1				space-ACPC			DSIStudio	autotrackgqi
ProjectionBrainstem_CorticobulbarTractL	ha	DSIStudio	/scratch/executivefunction/SLURM_8364170_114/job-8364170-114-sub-20966-ses-1/ds/inputs/data/qsiprep/qsiprep/sub-20966/ses-1/dwi/sub-20966_ses-1_space-ACPC_desc-preproc_dwi.nii.gz	0.0	-27.87121249053438	47.36511818742462	-50.02842330932617	-27.87121249053438	-50.02842330932617	47.36511818742462	-29.797864152538818	-29.797867219887813	sub-20966	ses-1				space-ACPC			DSIStudio	autotrackgqi
ProjectionBrainstem_CorticobulbarTractL	iso	DSIStudio	/scratch/executivefunction/SLURM_8364170_114/job-8364170-114-sub-20966-ses-1/ds/inputs/data/qsiprep/qsiprep/sub-20966/ses-1/dwi/sub-20966_ses-1_space-ACPC_desc-preproc_dwi.nii.gz	0.0	0.4929400338964947	0.0812482123043981	0.4962371289730072	0.4929400338964947	0.4962371289730072	0.0812482123043981	0.4890669609069756	0.4890670120430322	sub-20966	ses-1				space-ACPC			DSIStudio	autotrackgqi
ProjectionBrainstem_CorticobulbarTractL	md	DSIStudio	/scratch/executivefunction/SLURM_8364170_114/job-8364170-114-sub-20966-ses-1/ds/inputs/data/qsiprep/qsiprep/sub-20966/ses-1/dwi/sub-20966_ses-1_space-ACPC_desc-preproc_dwi.nii.gz	0.0	0.7743910177279327	0.1610014297142133	0.7438645362854004	0.7743910177279327	0.7438645362854004	0.1610014297142133	0.7700669462218814	0.7700670266837664	sub-20966	ses-1				space-ACPC			DSIStudio	autotrackgqi
ProjectionBrainstem_CorticobulbarTractL	qa	DSIStudio	/scratch/executivefunction/SLURM_8364170_114/job-8364170-114-sub-20966-ses-1/ds/inputs/data/qsiprep/qsiprep/sub-20966/ses-1/dwi/sub-20966_ses-1_space-ACPC_desc-preproc_dwi.nii.gz	0.0	0.2652247005726321	0.1284783741208956	0.2347391694784164	0.2652247005726321	0.2347391694784164	0.1284783741208956	0.2691858811485942	0.2691859092895419	sub-20966	ses-1				space-ACPC			DSIStudio	autotrackgqi
ProjectionBrainstem_CorticobulbarTractL	rd1	DSIStudio	/scratch/executivefunction/SLURM_8364170_114/job-8364170-114-sub-20966-ses-1/ds/inputs/data/qsiprep/qsiprep/sub-20966/ses-1/dwi/sub-20966_ses-1_space-ACPC_desc-preproc_dwi.nii.gz	0.0	0.6268175198870191	0.1883528528489135	0.5893911123275757	0.6268175198870191	0.5893911123275757	0.1883528528489135	0.6161022710181262	0.616102335049495	sub-20966	ses-1				space-ACPC			DSIStudio	autotrackgqi
ProjectionBrainstem_CorticobulbarTractL	rd2	DSIStudio	/scratch/executivefunction/SLURM_8364170_114/job-8364170-114-sub-20966-ses-1/ds/inputs/data/qsiprep/qsiprep/sub-20966/ses-1/dwi/sub-20966_ses-1_space-ACPC_desc-preproc_dwi.nii.gz	0.0	0.4229290462651495	0.1910636188505611	0.3923172056674957	0.4229290462651495	0.3923172056674957	0.1910636188505611	0.4153821755487729	0.4153822189317386	sub-20966	ses-1				space-ACPC			DSIStudio	autotrackgqi
ProjectionBrainstem_CorticobulbarTractL	rd	DSIStudio	/scratch/executivefunction/SLURM_8364170_114/job-8364170-114-sub-20966-ses-1/ds/inputs/data/qsiprep/qsiprep/sub-20966/ses-1/dwi/sub-20966_ses-1_space-ACPC_desc-preproc_dwi.nii.gz	0.0	0.5248732804241827	0.178712489471557	0.4962992966175079	0.5248732804241827	0.4962992966175079	0.178712489471557	0.5157422221658624	0.5157422758730297	sub-20966	ses-1				space-ACPC			DSIStudio	autotrackgqi
ProjectionBrainstem_CorticobulbarTractL	txx	DSIStudio	/scratch/executivefunction/SLURM_8364170_114/job-8364170-114-sub-20966-ses-1/ds/inputs/data/qsiprep/qsiprep/sub-20966/ses-1/dwi/sub-20966_ses-1_space-ACPC_desc-preproc_dwi.nii.gz	0.0	0.0007175218784526	0.0002228841857328	0.0006799259572289	0.0007175218784526	0.0006799259572289	0.0002228841857328	0.0007011406653771	0.0007011407380586	sub-20966	ses-1				space-ACPC			DSIStudio	autotrackgqi
ProjectionBrainstem_CorticobulbarTractL	txy	DSIStudio	/scratch/executivefunction/SLURM_8364170_114/job-8364170-114-sub-20966-ses-1/ds/inputs/data/qsiprep/qsiprep/sub-20966/ses-1/dwi/sub-20966_ses-1_space-ACPC_desc-preproc_dwi.nii.gz	0.0	-8.538116519002099e-05	0.0001266944692301	-6.829780613770708e-05	-8.538116519002099e-05	-6.829780613770708e-05	0.0001266944692301	-8.802761097207021e-05	-8.802761990609544e-05	sub-20966	ses-1				space-ACPC			DSIStudio	autotrackgqi
ProjectionBrainstem_CorticobulbarTractL	txz	DSIStudio	/scratch/executivefunction/SLURM_8364170_114/job-8364170-114-sub-20966-ses-1/ds/inputs/data/qsiprep/qsiprep/sub-20966/ses-1/dwi/sub-20966_ses-1_space-ACPC_desc-preproc_dwi.nii.gz	0.0	0.000230082799921	0.000153808655035	0.0001906549587147	0.000230082799921	0.0001906549587147	0.000153808655035	0.0002410382805612	0.0002410383063214	sub-20966	ses-1				space-ACPC			DSIStudio	autotrackgqi
ProjectionBrainstem_CorticobulbarTractL	tyy	DSIStudio	/scratch/executivefunction/SLURM_8364170_114/job-8364170-114-sub-20966-ses-1/ds/inputs/data/qsiprep/qsiprep/sub-20966/ses-1/dwi/sub-20966_ses-1_space-ACPC_desc-preproc_dwi.nii.gz	0.0	0.0005909712423799	0.0001973753009199	0.0005813628085888	0.0005909712423799	0.0005813628085888	0.0001973753009199	0.0005869047599628	0.0005869048215867	sub-20966	ses-1				space-ACPC			DSIStudio	autotrackgqi
ProjectionBrainstem_CorticobulbarTractL	tyz	DSIStudio	/scratch/executivefunction/SLURM_8364170_114/job-8364170-114-sub-20966-ses-1/ds/inputs/data/qsiprep/qsiprep/sub-20966/ses-1/dwi/sub-20966_ses-1_space-ACPC_desc-preproc_dwi.nii.gz	0.0	-0.0002110534837811	0.0001653984719301	-0.00018927801284	-0.0002110534837811	-0.00018927801284	0.0001653984719301	-0.000214470637765	-0.0002144706602474	sub-20966	ses-1				space-ACPC			DSIStudio	autotrackgqi
ProjectionBrainstem_CorticobulbarTractL	tzz	DSIStudio	/scratch/executivefunction/SLURM_8364170_114/job-8364170-114-sub-20966-ses-1/ds/inputs/data/qsiprep/qsiprep/sub-20966/ses-1/dwi/sub-20966_ses-1_space-ACPC_desc-preproc_dwi.nii.gz	0.0	0.001014679917963	0.0002091628265446	0.0010037436150014	0.001014679917963	0.0010037436150014	0.0002091628265446	0.0010221554087179	0.0010221555157981	sub-20966	ses-1				space-ACPC			DSIStudio	autotrackgqi
ProjectionBrainstem_MedialLemniscusR	ad	DSIStudio	/scratch/executivefunction/SLURM_8364170_114/job-8364170-114-sub-20966-ses-1/ds/inputs/data/qsiprep/qsiprep/sub-20966/ses-1/dwi/sub-20966_ses-1_space-ACPC_desc-preproc_dwi.nii.gz	0.0	1.2535602891382307	0.3172995627274229	1.204626977443695	1.2535602891382307	1.204626977443695	0.3172995627274229	1.253246584937302	1.253246584937302	sub-20966	ses-1				space-ACPC			DSIStudio	autotrackgqi
ProjectionBrainstem_MedialLemniscusR	dti_fa	DSIStudio	/scratch/executivefunction/SLURM_8364170_114/job-8364170-114-sub-20966-ses-1/ds/inputs/data/qsiprep/qsiprep/sub-20966/ses-1/dwi/sub-20966_ses-1_space-ACPC_desc-preproc_dwi.nii.gz	0.0	0.4533100749884842	0.1637782976120783	0.4616647362709045	0.4533100749884842	0.4616647362709045	0.1637782976120783	0.5004327301826752	0.5004327301826752	sub-20966	ses-1				space-ACPC			DSIStudio	autotrackgqi
ProjectionBrainstem_MedialLemniscusR	gfa	DSIStudio	/scratch/executivefunction/SLURM_8364170_114/job-8364170-114-sub-20966-ses-1/ds/inputs/data/qsiprep/qsiprep/sub-20966/ses-1/dwi/sub-20966_ses-1_space-ACPC_desc-preproc_dwi.nii.gz	0.0	0.0982016919431176	0.0333586055518129	0.0981159508228302	0.0982016919431176	0.0981159508228302	0.0333586055518129	0.1060347796885828	0.1060347796885828	sub-20966	ses-1				space-ACPC			DSIStudio	autotrackgqi
ProjectionBrainstem_MedialLemniscusR	ha	DSIStudio	/scratch/executivefunction/SLURM_8364170_114/job-8364170-114-sub-20966-ses-1/ds/inputs/data/qsiprep/qsiprep/sub-20966/ses-1/dwi/sub-20966_ses-1_space-ACPC_desc-preproc_dwi.nii.gz	0.0	-13.299490533729848	53.269842695485295	-37.29863357543945	-13.299490533729848	-37.29863357543945	53.269842695485295	-11.103807381394486	-11.103807381394486	sub-20966	ses-1				space-ACPC			DSIStudio	autotrackgqi
ProjectionBrainstem_MedialLemniscusR	iso	DSIStudio	/scratch/executivefunction/SLURM_8364170_114/job-8364170-114-sub-20966-ses-1/ds/inputs/data/qsiprep/qsiprep/sub-20966/ses-1/dwi/sub-20966_ses-1_space-ACPC_desc-preproc_dwi.nii.gz	0.0	0.4937712170301506	0.0584917609061583	0.5004412531852722	0.4937712170301506	0.5004412531852722	0.0584917609061583	0.5061694286954904	0.5061694286954904	sub-20966	ses-1				space-ACPC			DSIStudio	autotrackgqi
ProjectionBrainstem_MedialLemniscusR	md	DSIStudio	/scratch/executivefunction/SLURM_8364170_114/job-8364170-114-sub-20966-ses-1/ds/inputs/data/qsiprep/qsiprep/sub-20966/ses-1/dwi/sub-20966_ses-1_space-ACPC_desc-preproc_dwi.nii.gz	0.0	0.8240057924772188	0.2638451507478397	0.7581307888031006	0.8240057924772188	0.7581307888031006	0.2638451507478397	0.7816025655036483	0.7816025655036483	sub-20966	ses-1				space-ACPC			DSIStudio	autotrackgqi
ProjectionBrainstem_MedialLemniscusR	qa	DSIStudio	/scratch/executivefunction/SLURM_8364170_114/job-8364170-114-sub-20966-ses-1/ds/inputs/data/qsiprep/qsiprep/sub-20966/ses-1/dwi/sub-20966_ses-1_space-ACPC_desc-preproc_dwi.nii.gz	0.0	0.225385102328823	0.0909289749087586	0.2184322476387024	0.225385102328823	0.2184322476387024	0.0909289749087586	0.2483733609165111	0.2483733609165111	sub-20966	ses-1				space-ACPC			DSIStudio	autotrackgqi
ProjectionBrainstem_MedialLemniscusR	rd1	DSIStudio	/scratch/executivefunction/SLURM_8364170_114/job-8364170-114-sub-20966-ses-1/ds/inputs/data/qsiprep/qsiprep/sub-20966/ses-1/dwi/sub-20966_ses-1_space-ACPC_desc-preproc_dwi.nii.gz	0.0	0.7194226258458907	0.290064861860853	0.6585570275783539	0.7194226258458907	0.6585570275783539	0.290064861860853	0.6464987476989299	0.6464987476989299	sub-20966	ses-1				space-ACPC			DSIStudio	autotrackgqi
ProjectionBrainstem_MedialLemniscusR	rd2	DSIStudio	/scratch/executivefunction/SLURM_8364170_114/job-8364170-114-sub-20966-ses-1/ds/inputs/data/qsiprep/qsiprep/sub-20966/ses-1/dwi/sub-20966_ses-1_space-ACPC_desc-preproc_dwi.nii.gz	0.0	0.4990344653167943	0.2821346330205372	0.4407927691936493	0.4990344653167943	0.4407927691936493	0.2821346330205372	0.4450623785029606	0.4450623785029606	sub-20966	ses-1				space-ACPC			DSIStudio	autotrackgqi
ProjectionBrainstem_MedialLemniscusR	rd	DSIStudio	/scratch/executivefunction/SLURM_8364170_114/job-8364170-114-sub-20966-ses-1/ds/inputs/data/qsiprep/qsiprep/sub-20966/ses-1/dwi/sub-20966_ses-1_space-ACPC_desc-preproc_dwi.nii.gz	0.0	0.6092285453382821	0.2804588666538789	0.5452296435832977	0.6092285453382821	0.5452296435832977	0.2804588666538789	0.5457805627099752	0.5457805627099752	sub-20966	ses-1				space-ACPC			DSIStudio	autotrackgqi
ProjectionBrainstem_MedialLemniscusR	txx	DSIStudio	/scratch/executivefunction/SLURM_8364170_114/job-8364170-114-sub-20966-ses-1/ds/inputs/data/qsiprep/qsiprep/sub-20966/ses-1/dwi/sub-20966_ses-1_space-ACPC_desc-preproc_dwi.nii.gz	0.0	0.0007119603427996	0.0002841597547006	0.0006806280580349	0.0007119603427996	0.0006806280580349	0.0002841597547006	0.0006498209226845	0.0006498209226845	sub-20966	ses-1				space-ACPC			DSIStudio	autotrackgqi
ProjectionBrainstem_MedialLemniscusR	txy	DSIStudio	/scratch/executivefunction/SLURM_8364170_114/job-8364170-114-sub-20966-ses-1/ds/inputs/data/qsiprep/qsiprep/sub-20966/ses-1/dwi/sub-20966_ses-1_space-ACPC_desc-preproc_dwi.nii.gz	0.0	6.409977694272753e-05	0.0001171326247116	5.59451145818457e-05	6.409977694272753e-05	5.59451145818457e-05	0.0001171326247116	6.416392846521434e-05	6.416392846521434e-05	sub-20966	ses-1				space-ACPC			DSIStudio	autotrackgqi
ProjectionBrainstem_MedialLemniscusR	txz	DSIStudio	/scratch/executivefunction/SLURM_8364170_114/job-8364170-114-sub-20966-ses-1/ds/inputs/data/qsiprep/qsiprep/sub-20966/ses-1/dwi/sub-20966_ses-1_space-ACPC_desc-preproc_dwi.nii.gz	0.0	1.4203146845619416e-05	0.0001739637041752	1.133587647927925e-05	1.4203146845619416e-05	1.133587647927925e-05	0.0001739637041752	-2.0054037615622e-05	-2.0054037615622e-05	sub-20966	ses-1				space-ACPC			DSIStudio	autotrackgqi
ProjectionBrainstem_MedialLemniscusR	tyy	DSIStudio	/scratch/executivefunction/SLURM_8364170_114/job-8364170-114-sub-20966-ses-1/ds/inputs/data/qsiprep/qsiprep/sub-20966/ses-1/dwi/sub-20966_ses-1_space-ACPC_desc-preproc_dwi.nii.gz	0.0	0.0007484254890997	0.0003461175610863	0.0006914852128829	0.0007484254890997	0.0006914852128829	0.0003461175610863	0.000675112363591	0.000675112363591	sub-20966	ses-1				space-ACPC			DSIStudio	autotrackgqi
ProjectionBrainstem_MedialLemniscusR	tyz	DSIStudio	/scratch/executivefunction/SLURM_8364170_114/job-8364170-114-sub-20966-ses-1/ds/inputs/data/qsiprep/qsiprep/sub-20966/ses-1/dwi/sub-20966_ses-1_space-ACPC_desc-preproc_dwi.nii.gz	0.0	4.8878909485320485e-05	0.0002320970159906	5.762476030213293e-05	4.8878909485320485e-05	5.762476030213293e-05	0.0002320970159906	6.461345769355904e-05	6.461345769355904e-05	sub-20966	ses-1				space-ACPC			DSIStudio	autotrackgqi
ProjectionBrainstem_MedialLemniscusR	tzz	DSIStudio	/scratch/executivefunction/SLURM_8364170_114/job-8364170-114-sub-20966-ses-1/ds/inputs/data/qsiprep/qsiprep/sub-20966/ses-1/dwi/sub-20966_ses-1_space-ACPC_desc-preproc_dwi.nii.gz	0.0	0.0010116315439479	0.0003199364326337	0.0009696389315649	0.0010116315439479	0.0009696389315649	0.0003199364326337	0.0010198744138843	0.0010198744138843	sub-20966	ses-1				space-ACPC			DSIStudio	autotrackgqi
ProjectionBasalGanglia_FornixR	ad	DSIStudio	/scratch/executivefunction/SLURM_8364170_114/job-8364170-114-sub-20966-ses-1/ds/inputs/data/qsiprep/qsiprep/sub-20966/ses-1/dwi/sub-20966_ses-1_space-ACPC_desc-preproc_dwi.nii.gz	0.0	1.6609468879196156	0.6770342746122976	1.4843943119049072	1.6609468879196156	1.4843943119049072	0.6770342746122976	1.818382577551916	1.818382577551916	sub-20966	ses-1				space-ACPC			DSIStudio	autotrackgqi
ProjectionBasalGanglia_FornixR	dti_fa	DSIStudio	/scratch/executivefunction/SLURM_8364170_114/job-8364170-114-sub-20966-ses-1/ds/inputs/data/qsiprep/qsiprep/sub-20966/ses-1/dwi/sub-20966_ses-1_space-ACPC_desc-preproc_dwi.nii.gz	0.0	0.3039393474738289	0.1681894110961271	0.2818095684051513	0.3039393474738289	0.2818095684051513	0.1681894110961271	0.3726264409286933	0.3726264409286933	sub-20966	ses-1				space-ACPC			DSIStudio	autotrackgqi
ProjectionBasalGanglia_FornixR	gfa	DSIStudio	/scratch/executivefunction/SLURM_8364170_114/job-8364170-114-sub-20966-ses-1/ds/inputs/data/qsiprep/qsiprep/sub-20966/ses-1/dwi/sub-20966_ses-1_space-ACPC_desc-preproc_dwi.nii.gz	0.0	0.0814569468387502	0.0435562977816592	0.0728973224759101	0.0814569468387502	0.0728973224759101	0.0435562977816592	0.1036025346099491	0.1036025346099491	sub-20966	ses-1				space-ACPC			DSIStudio	autotrackgqi
ProjectionBasalGanglia_FornixR	ha	DSIStudio	/scratch/executivefunction/SLURM_8364170_114/job-8364170-114-sub-20966-ses-1/ds/inputs/data/qsiprep/qsiprep/sub-20966/ses-1/dwi/sub-20966_ses-1_space-ACPC_desc-preproc_dwi.nii.gz	0.0	-7.639221397864213	39.6635032945593	-9.329054832458496	-7.639221397864213	-9.329054832458496	39.6635032945593	-3.908298642209263	-3.908298642209263	sub-20966	ses-1				space-ACPC			DSIStudio	autotrackgqi
ProjectionBasalGanglia_FornixR	iso	DSIStudio	/scratch/executivefunction/SLURM_8364170_114/job-8364170-114-sub-20966-ses-1/ds/inputs/data/qsiprep/qsiprep/sub-20966/ses-1/dwi/sub-20966_ses-1_space-ACPC_desc-preproc_dwi.nii.gz	0.0	0.4328873950198859	0.1158016413141694	0.4253737926483154	0.4328873950198859	0.4253737926483154	0.1158016413141694	0.426471712987992	0.426471712987992	sub-20966	ses-1				space-ACPC			DSIStudio	autotrackgqi
ProjectionBasalGanglia_FornixR	md	DSIStudio	/scratch/executivefunction/SLURM_8364170_114/job-8364170-114-sub-20966-ses-1/ds/inputs/data/qsiprep/qsiprep/sub-20966/ses-1/dwi/sub-20966_ses-1_space-ACPC_desc-preproc_dwi.nii.gz	0.0	1.259077844451645	0.5723995081835652	1.0518338680267334	1.259077844451645	1.0518338680267334	0.5723995081835652	1.2810543855761334	1.2810543855761334	sub-20966	ses-1				space-ACPC			DSIStudio	autotrackgqi
ProjectionBasalGanglia_FornixR	qa	DSIStudio	/scratch/executivefunction/SLURM_8364170_114/job-8364170-114-sub-20966-ses-1/ds/inputs/data/qsiprep/qsiprep/sub-20966/ses-1/dwi/sub-20966_ses-1_space-ACPC_desc-preproc_dwi.nii.gz	0.0	0.1563927008322435	0.0939703822811769	0.13350410759449	0.1563927008322435	0.13350410759449	0.0939703822811769	0.2055365012083626	0.2055365012083626	sub-20966	ses-1				space-ACPC			DSIStudio	autotrackgqi
ProjectionBasalGanglia_FornixR	rd1	DSIStudio	/scratch/executivefunction/SLURM_8364170_114/job-8364170-114-sub-20966-ses-1/ds/inputs/data/qsiprep/qsiprep/sub-20966/ses-1/dwi/sub-20966_ses-1_space-ACPC_desc-preproc_dwi.nii.gz	0.0	1.1653040315708805	0.5754252650390556	0.944268763065338	1.1653040315708805	0.944268763065338	0.5754252650390556	1.1124655805635904	1.1124655805635904	sub-20966	ses-1				space-ACPC			DSIStudio	autotrackgqi
ProjectionBasalGanglia_FornixR	rd2	DSIStudio	/scratch/executivefunction/SLURM_8364170_114/job-8364170-114-sub-20966-ses-1/ds/inputs/data/qsiprep/qsiprep/sub-20966/ses-1/dwi/sub-20966_ses-1_space-ACPC_desc-preproc_dwi.nii.gz	0.0	0.950982619604097	0.548236114038841	0.7709175944328308	0.950982619604097	0.7709175944328308	0.548236114038841	0.9123150071030272	0.9123150071030272	sub-20966	ses-1				space-ACPC			DSIStudio	autotrackgqi
ProjectionBasalGanglia_FornixR	rd	DSIStudio	/scratch/executivefunction/SLURM_8364170_114/job-8364170-114-sub-20966-ses-1/ds/inputs/data/qsiprep/qsiprep/sub-20966/ses-1/dwi/sub-20966_ses-1_space-ACPC_desc-preproc_dwi.nii.gz	0.0	1.0581433239362352	0.5587733805692932	0.8614111542701721	1.0581433239362352	0.8614111542701721	0.5587733805692932	1.0123902926409332	1.0123902926409332	sub-20966	ses-1				space-ACPC			DSIStudio	autotrackgqi
ProjectionBasalGanglia_FornixR	txx	DSIStudio	/scratch/executivefunction/SLURM_8364170_114/job-8364170-114-sub-20966-ses-1/ds/inputs/data/qsiprep/qsiprep/sub-20966/ses-1/dwi/sub-20966_ses-1_space-ACPC_desc-preproc_dwi.nii.gz	0.0	0.0012079643497878	0.0005962372930169	0.0010105883702635	0.0012079643497878	0.0010105883702635	0.0005962372930169	0.00112554609162	0.00112554609162	sub-20966	ses-1				space-ACPC			DSIStudio	autotrackgqi
ProjectionBasalGanglia_FornixR	txy	DSIStudio	/scratch/executivefunction/SLURM_8364170_114/job-8364170-114-sub-20966-ses-1/ds/inputs/data/qsiprep/qsiprep/sub-20966/ses-1/dwi/sub-20966_ses-1_space-ACPC_desc-preproc_dwi.nii.gz	0.0	-5.4657224548159874e-05	0.0001750791429463	-1.816816438804381e-05	-5.4657224548159874e-05	-1.816816438804381e-05	0.0001750791429463	-8.652860016263436e-05	-8.652860016263436e-05	sub-20966	ses-1				space-ACPC			DSIStudio	autotrackgqi
ProjectionBasalGanglia_FornixR	txz	DSIStudio	/scratch/executivefunction/SLURM_8364170_114/job-8364170-114-sub-20966-ses-1/ds/inputs/data/qsiprep/qsiprep/sub-20966/ses-1/dwi/sub-20966_ses-1_space-ACPC_desc-preproc_dwi.nii.gz	0.0	3.167205493448385e-05	0.0001235287404274	1.827474443416577e-05	3.167205493448385e-05	1.827474443416577e-05	0.0001235287404274	4.885019036289606e-05	4.885019036289606e-05	sub-20966	ses-1				space-ACPC			DSIStudio	autotrackgqi
ProjectionBasalGanglia_FornixR	tyy	DSIStudio	/scratch/executivefunction/SLURM_8364170_114/job-8364170-114-sub-20966-ses-1/ds/inputs/data/qsiprep/qsiprep/sub-20966/ses-1/dwi/sub-20966_ses-1_space-ACPC_desc-preproc_dwi.nii.gz	0.0	0.0013126068781722	0.0006775359768473	0.0010916737373918	0.0013126068781722	0.0010916737373918	0.0006775359768473	0.001428576913619	0.001428576913619	sub-20966	ses-1				space-ACPC			DSIStudio	autotrackgqi
ProjectionBasalGanglia_FornixR	tyz	DSIStudio	/scratch/executivefunction/SLURM_8364170_114/job-8364170-114-sub-20966-ses-1/ds/inputs/data/qsiprep/qsiprep/sub-20966/ses-1/dwi/sub-20966_ses-1_space-ACPC_desc-preproc_dwi.nii.gz	0.0	4.092737923846645e-05	0.0002075486964595	3.1136205507209525e-05	4.092737923846645e-05	3.1136205507209525e-05	0.0002075486964595	5.844940821838136e-05	5.844940821838136e-05	sub-20966	ses-1				space-ACPC			DSIStudio	autotrackgqi
ProjectionBasalGanglia_FornixR	tzz	DSIStudio	/scratch/executivefunction/SLURM_8364170_114/job-8364170-114-sub-20966-ses-1/ds/inputs/data/qsiprep/qsiprep/sub-20966/ses-1/dwi/sub-20966_ses-1_space-ACPC_desc-preproc_dwi.nii.gz	0.0	0.0012566623084205	0.0005881509297123	0.0010640216059982	0.0012566623084205	0.0010640216059982	0.0005881509297123	0.0012890401562537	0.0012890401562537	sub-20966	ses-1				space-ACPC			DSIStudio	autotrackgqi
ProjectionBrainstem_NonDecussatingDentatorubrothalamicTractR	ad	DSIStudio	/scratch/executivefunction/SLURM_8364170_114/job-8364170-114-sub-20966-ses-1/ds/inputs/data/qsiprep/qsiprep/sub-20966/ses-1/dwi/sub-20966_ses-1_space-ACPC_desc-preproc_dwi.nii.gz	0.0	1.1738231707907592	0.3561317591468514	1.1092429757118225	1.1738231707907592	1.1092429757118225	0.3561317591468514	1.2853114591697117	1.2853115692388504	sub-20966	ses-1				space-ACPC			DSIStudio	autotrackgqi
ProjectionBrainstem_NonDecussatingDentatorubrothalamicTractR	dti_fa	DSIStudio	/scratch/executivefunction/SLURM_8364170_114/job-8364170-114-sub-20966-ses-1/ds/inputs/data/qsiprep/qsiprep/sub-20966/ses-1/dwi/sub-20966_ses-1_space-ACPC_desc-preproc_dwi.nii.gz	0.0	0.4270616293421578	0.1798593938128432	0.4280272871255874	0.4270616293421578	0.4280272871255874	0.1798593938128432	0.4863897380296785	0.4863897797354862	sub-20966	ses-1				space-ACPC			DSIStudio	autotrackgqi
ProjectionBrainstem_NonDecussatingDentatorubrothalamicTractR	gfa	DSIStudio	/scratch/executivefunction/SLURM_8364170_114/job-8364170-114-sub-20966-ses-1/ds/inputs/data/qsiprep/qsiprep/sub-20966/ses-1/dwi/sub-20966_ses-1_space-ACPC_desc-preproc_dwi.nii.gz	0.0	0.0889404988874957	0.0378328863195506	0.0877114422619342	0.0889404988874957	0.0877114422619342	0.0378328863195506	0.1038772506126444	0.1038772595015397	sub-20966	ses-1				space-ACPC			DSIStudio	autotrackgqi
ProjectionBrainstem_NonDecussatingDentatorubrothalamicTractR	ha	DSIStudio	/scratch/executivefunction/SLURM_8364170_114/job-8364170-114-sub-20966-ses-1/ds/inputs/data/qsiprep/qsiprep/sub-20966/ses-1/dwi/sub-20966_ses-1_space-ACPC_desc-preproc_dwi.nii.gz	0.0	-13.756588610835024	51.63898834547968	-28.951184272766117	-13.756588610835024	-28.951184272766117	51.63898834547968	-12.934563222285435	-12.934564365873706	sub-20966	ses-1				space-ACPC			DSIStudio	autotrackgqi
ProjectionBrainstem_NonDecussatingDentatorubrothalamicTractR	iso	DSIStudio	/scratch/executivefunction/SLURM_8364170_114/job-8364170-114-sub-20966-ses-1/ds/inputs/data/qsiprep/qsiprep/sub-20966/ses-1/dwi/sub-20966_ses-1_space-ACPC_desc-preproc_dwi.nii.gz	0.0	0.5121251832072934	0.0635267915858944	0.5117276906967163	0.5121251832072934	0.5117276906967163	0.0635267915858944	0.5109377588008588	0.5109378027518929	sub-20966	ses-1				space-ACPC			DSIStudio	autotrackgqi
ProjectionBrainstem_NonDecussatingDentatorubrothalamicTractR	md	DSIStudio	/scratch/executivefunction/SLURM_8364170_114/job-8364170-114-sub-20966-ses-1/ds/inputs/data/qsiprep/qsiprep/sub-20966/ses-1/dwi/sub-20966_ses-1_space-ACPC_desc-preproc_dwi.nii.gz	0.0	0.7894851969516216	0.2834055838680684	0.7289623022079468	0.7894851969516216	0.7289623022079468	0.2834055838680684	0.815362477394733	0.8153625472624941	sub-20966	ses-1				space-ACPC			DSIStudio	autotrackgqi
ProjectionBrainstem_NonDecussatingDentatorubrothalamicTractR	qa	DSIStudio	/scratch/executivefunction/SLURM_8364170_114/job-8364170-114-sub-20966-ses-1/ds/inputs/data/qsiprep/qsiprep/sub-20966/ses-1/dwi/sub-20966_ses-1_space-ACPC_desc-preproc_dwi.nii.gz	0.0	0.2101409802313961	0.1035933591025466	0.1988707780838012	0.2101409802313961	0.1988707780838012	0.1035933591025466	0.2498943612380368	0.249894382618608	sub-20966	ses-1				space-ACPC			DSIStudio	autotrackgqi
ProjectionBrainstem_NonDecussatingDentatorubrothalamicTractR	rd1	DSIStudio	/scratch/executivefunction/SLURM_8364170_114/job-8364170-114-sub-20966-ses-1/ds/inputs/data/qsiprep/qsiprep/sub-20966/ses-1/dwi/sub-20966_ses-1_space-ACPC_desc-preproc_dwi.nii.gz	0.0	0.7049102265834032	0.2996000374106865	0.660455048084259	0.7049102265834032	0.660455048084259	0.2996000374106865	0.6900302715772915	0.6900303307224367	sub-20966	ses-1				space-ACPC			DSIStudio	autotrackgqi
ProjectionBrainstem_NonDecussatingDentatorubrothalamicTractR	rd2	DSIStudio	/scratch/executivefunction/SLURM_8364170_114/job-8364170-114-sub-20966-ses-1/ds/inputs/data/qsiprep/qsiprep/sub-20966/ses-1/dwi/sub-20966_ses-1_space-ACPC_desc-preproc_dwi.nii.gz	0.0	0.4897221941700991	0.3039751051173048	0.4319275915622711	0.4897221941700991	0.4319275915622711	0.3039751051173048	0.4707457077246965	0.4707457481136962	sub-20966	ses-1				space-ACPC			DSIStudio	autotrackgqi
ProjectionBrainstem_NonDecussatingDentatorubrothalamicTractR	rd	DSIStudio	/scratch/executivefunction/SLURM_8364170_114/job-8364170-114-sub-20966-ses-1/ds/inputs/data/qsiprep/qsiprep/sub-20966/ses-1/dwi/sub-20966_ses-1_space-ACPC_desc-preproc_dwi.nii.gz	0.0	0.5973162106432331	0.2959117393319279	0.5421062111854553	0.5973162106432331	0.5421062111854553	0.2959117393319279	0.5803879876513638	0.580388037418436	sub-20966	ses-1				space-ACPC			DSIStudio	autotrackgqi
ProjectionBrainstem_NonDecussatingDentatorubrothalamicTractR	txx	DSIStudio	/scratch/executivefunction/SLURM_8364170_114/job-8364170-114-sub-20966-ses-1/ds/inputs/data/qsiprep/qsiprep/sub-20966/ses-1/dwi/sub-20966_ses-1_space-ACPC_desc-preproc_dwi.nii.gz	0.0	0.0006834207592163	0.0003064665542341	0.0006481590971816	0.0006834207592163	0.0006481590971816	0.0003064665542341	0.0006487914677977	0.000648791523435	sub-20966	ses-1				space-ACPC			DSIStudio	autotrackgqi
ProjectionBrainstem_NonDecussatingDentatorubrothalamicTractR	txy	DSIStudio	/scratch/executivefunction/SLURM_8364170_114/job-8364170-114-sub-20966-ses-1/ds/inputs/data/qsiprep/qsiprep/sub-20966/ses-1/dwi/sub-20966_ses-1_space-ACPC_desc-preproc_dwi.nii.gz	0.0	2.077712101208884e-05	0.0001238779933786	2.7681740903062743e-05	2.077712101208884e-05	2.7681740903062743e-05	0.0001238779933786	3.996573840455024e-06	3.996574278836435e-06	sub-20966	ses-1				space-ACPC			DSIStudio	autotrackgqi
ProjectionBrainstem_NonDecussatingDentatorubrothalamicTractR	txz	DSIStudio	/scratch/executivefunction/SLURM_8364170_114/job-8364170-114-sub-20966-ses-1/ds/inputs/data/qsiprep/qsiprep/sub-20966/ses-1/dwi/sub-20966_ses-1_space-ACPC_desc-preproc_dwi.nii.gz	0.0	1.5058713112488992e-05	0.0001653330499515	2.0024695004394744e-05	1.5058713112488992e-05	2.0024695004394744e-05	0.0001653330499515	2.532322328523212e-06	2.532322522022235e-06	sub-20966	ses-1				space-ACPC			DSIStudio	autotrackgqi
ProjectionBrainstem_NonDecussatingDentatorubrothalamicTractR	tyy	DSIStudio	/scratch/executivefunction/SLURM_8364170_114/job-8364170-114-sub-20966-ses-1/ds/inputs/data/qsiprep/qsiprep/sub-20966/ses-1/dwi/sub-20966_ses-1_space-ACPC_desc-preproc_dwi.nii.gz	0.0	0.0007485602466725	0.0003917967922363	0.0006793685315642	0.0007485602466725	0.0006793685315642	0.0003917967922363	0.0008001357672702	0.0008001358356007	sub-20966	ses-1				space-ACPC			DSIStudio	autotrackgqi
ProjectionBrainstem_NonDecussatingDentatorubrothalamicTractR	tyz	DSIStudio	/scratch/executivefunction/SLURM_8364170_114/job-8364170-114-sub-20966-ses-1/ds/inputs/data/qsiprep/qsiprep/sub-20966/ses-1/dwi/sub-20966_ses-1_space-ACPC_desc-preproc_dwi.nii.gz	0.0	-4.441972117174657e-06	0.0001985094301662	2.3550288688056757e-06	-4.441972117174657e-06	2.3550288688056757e-06	0.0001985094301662	-2.3307111002321794e-05	-2.3307112737090373e-05	sub-20966	ses-1				space-ACPC			DSIStudio	autotrackgqi
ProjectionBrainstem_NonDecussatingDentatorubrothalamicTractR	tzz	DSIStudio	/scratch/executivefunction/SLURM_8364170_114/job-8364170-114-sub-20966-ses-1/ds/inputs/data/qsiprep/qsiprep/sub-20966/ses-1/dwi/sub-20966_ses-1_space-ACPC_desc-preproc_dwi.nii.gz	0.0	0.0009364745854062	0.0003259302989563	0.000893299235031	0.0009364745854062	0.000893299235031	0.0003259302989563	0.0009971602008626	0.0009971602864981	sub-20966	ses-1				space-ACPC			DSIStudio	autotrackgqi
Commissure_CorpusCallosum	ad	DSIStudio	/scratch/executivefunction/SLURM_8364170_114/job-8364170-114-sub-20966-ses-1/ds/inputs/data/qsiprep/qsiprep/sub-20966/ses-1/dwi/sub-20966_ses-1_space-ACPC_desc-preproc_dwi.nii.gz	0.0006126634879198	1.2808675080143248	0.4393893416334996	1.1536149978637695	1.2816527298460942	1.1538410782814026	0.4383776533946429	1.4224111748034671	1.422487992749211	sub-20966	ses-1				space-ACPC			DSIStudio	autotrackgqi
Commissure_CorpusCallosum	dti_fa	DSIStudio	/scratch/executivefunction/SLURM_8364170_114/job-8364170-114-sub-20966-ses-1/ds/inputs/data/qsiprep/qsiprep/sub-20966/ses-1/dwi/sub-20966_ses-1_space-ACPC_desc-preproc_dwi.nii.gz	0.0006126634879198	0.3698127753634689	0.2143052578495971	0.3450250625610351	0.3700394850450447	0.3451754003763199	0.2141751780587952	0.5262748887593891	0.5263033104558723	sub-20966	ses-1				space-ACPC			DSIStudio	autotrackgqi
Commissure_CorpusCallosum	gfa	DSIStudio	/scratch/executivefunction/SLURM_8364170_114/job-8364170-114-sub-20966-ses-1/ds/inputs/data/qsiprep/qsiprep/sub-20966/ses-1/dwi/sub-20966_ses-1_space-ACPC_desc-preproc_dwi.nii.gz	0.0006126634879198	0.0834547360563006	0.0478940916577129	0.0775768533349037	0.0835058970704616	0.0776230841875076	0.0478641618055458	0.1205034310129408	0.1205099388524285	sub-20966	ses-1				space-ACPC			DSIStudio	autotrackgqi
Commissure_CorpusCallosum	ha	DSIStudio	/scratch/executivefunction/SLURM_8364170_114/job-8364170-114-sub-20966-ses-1/ds/inputs/data/qsiprep/qsiprep/sub-20966/ses-1/dwi/sub-20966_ses-1_space-ACPC_desc-preproc_dwi.nii.gz	0.0006126634879198	-1.0109657020984373	41.69871363395748	-1.6309505701065063	-1.0115854635768813	-1.662894606590271	41.711485630865134	0.0293517776425362	0.0293533674531212	sub-20966	ses-1				space-ACPC			DSIStudio	autotrackgqi
Commissure_CorpusCallosum	iso	DSIStudio	/scratch/executivefunction/SLURM_8364170_114/job-8364170-114-sub-20966-ses-1/ds/inputs/data/qsiprep/qsiprep/sub-20966/ses-1/dwi/sub-20966_ses-1_space-ACPC_desc-preproc_dwi.nii.gz	0.0006126634879198	0.4978035549650297	0.1205648061592629	0.4898629486560821	0.4981087279956869	0.4899193346500397	0.1199698886884426	0.4752283451131123	0.4752540100389644	sub-20966	ses-1				space-ACPC			DSIStudio	autotrackgqi
Commissure_CorpusCallosum	md	DSIStudio	/scratch/executivefunction/SLURM_8364170_114/job-8364170-114-sub-20966-ses-1/ds/inputs/data/qsiprep/qsiprep/sub-20966/ses-1/dwi/sub-20966_ses-1_space-ACPC_desc-preproc_dwi.nii.gz	0.0006126634879198	0.910034221312789	0.3646980790421033	0.7924864888191223	0.9105921078496564	0.7925389111042023	0.3641129204667482	0.8554360705565573	0.8554822687599124	sub-20966	ses-1				space-ACPC			DSIStudio	autotrackgqi
Commissure_CorpusCallosum	qa	DSIStudio	/scratch/executivefunction/SLURM_8364170_114/job-8364170-114-sub-20966-ses-1/ds/inputs/data/qsiprep/qsiprep/sub-20966/ses-1/dwi/sub-20966_ses-1_space-ACPC_desc-preproc_dwi.nii.gz	0.0006126634879198	0.1844431116019411	0.1084784209830724	0.1682237535715103	0.1845561824363898	0.1682911068201065	0.1084154688054971	0.2665516016312277	0.2665659968671477	sub-20966	ses-1				space-ACPC			DSIStudio	autotrackgqi
Commissure_CorpusCallosum	rd1	DSIStudio	/scratch/executivefunction/SLURM_8364170_114/job-8364170-114-sub-20966-ses-1/ds/inputs/data/qsiprep/qsiprep/sub-20966/ses-1/dwi/sub-20966_ses-1_space-ACPC_desc-preproc_dwi.nii.gz	0.0006126634879198	0.8239552687076286	0.3979395951709253	0.7495568990707397	0.8244603854830505	0.7497022449970245	0.3975381126394469	0.6728696098513192	0.6729059484609969	sub-20966	ses-1				space-ACPC			DSIStudio	autotrackgqi
Commissure_CorpusCallosum	rd2	DSIStudio	/scratch/executivefunction/SLURM_8364170_114/job-8364170-114-sub-20966-ses-1/ds/inputs/data/qsiprep/qsiprep/sub-20966/ses-1/dwi/sub-20966_ses-1_space-ACPC_desc-preproc_dwi.nii.gz	0.0006126634879198	0.6252798867146788	0.3971397621104599	0.5336501002311707	0.6256632077177824	0.5338034927845001	0.3969595058918167	0.4710274260781175	0.4710528641327103	sub-20966	ses-1				space-ACPC			DSIStudio	autotrackgqi
Commissure_CorpusCallosum	rd	DSIStudio	/scratch/executivefunction/SLURM_8364170_114/job-8364170-114-sub-20966-ses-1/ds/inputs/data/qsiprep/qsiprep/sub-20966/ses-1/dwi/sub-20966_ses-1_space-ACPC_desc-preproc_dwi.nii.gz	0.0006126634879198	0.7246175780430445	0.3923591756308588	0.6361836194992065	0.7250617969325106	0.6362920999526978	0.3920688859102182	0.5719485182645331	0.5719794065966846	sub-20966	ses-1				space-ACPC			DSIStudio	autotrackgqi
Commissure_CorpusCallosum	txx	DSIStudio	/scratch/executivefunction/SLURM_8364170_114/job-8364170-114-sub-20966-ses-1/ds/inputs/data/qsiprep/qsiprep/sub-20966/ses-1/dwi/sub-20966_ses-1_space-ACPC_desc-preproc_dwi.nii.gz	0.0006126634879198	0.0009312022462527	0.0004641494205217	0.0008209647494368	0.000931773109616	0.000821056892164	0.000463718491457	0.0009741160238688	0.0009741686315677	sub-20966	ses-1				space-ACPC			DSIStudio	autotrackgqi
Commissure_CorpusCallosum	txy	DSIStudio	/scratch/executivefunction/SLURM_8364170_114/job-8364170-114-sub-20966-ses-1/ds/inputs/data/qsiprep/qsiprep/sub-20966/ses-1/dwi/sub-20966_ses-1_space-ACPC_desc-preproc_dwi.nii.gz	0.0006126634879198	1.9220674271146945e-05	0.0001711678117222	1.2689835784840398e-05	1.923245729551489e-05	1.2768531632900704e-05	0.000171219608192	4.488827993302894e-05	4.489070407065102e-05	sub-20966	ses-1				space-ACPC			DSIStudio	autotrackgqi
Commissure_CorpusCallosum	txz	DSIStudio	/scratch/executivefunction/SLURM_8364170_114/job-8364170-114-sub-20966-ses-1/ds/inputs/data/qsiprep/qsiprep/sub-20966/ses-1/dwi/sub-20966_ses-1_space-ACPC_desc-preproc_dwi.nii.gz	0.0006126634879198	-1.6481030174574888e-06	0.0001906670597299	-7.614884225404239e-07	-1.6491133690061193e-06	-8.687262607054436e-07	0.0001907254895865	-3.138645506279452e-06	-3.138815067826744e-06	sub-20966	ses-1				space-ACPC			DSIStudio	autotrackgqi
Commissure_CorpusCallosum	tyy	DSIStudio	/scratch/executivefunction/SLURM_8364170_114/job-8364170-114-sub-20966-ses-1/ds/inputs/data/qsiprep/qsiprep/sub-20966/ses-1/dwi/sub-20966_ses-1_space-ACPC_desc-preproc_dwi.nii.gz	0.0006126634879198	0.0008837621165456	0.0004417571621921	0.0007986192940734	0.0008843038972557	0.0007988100987859	0.0004413501169778	0.0007665028124028	0.0007665442075315	sub-20966	ses-1				space-ACPC			DSIStudio	autotrackgqi
Commissure_CorpusCallosum	tyz	DSIStudio	/scratch/executivefunction/SLURM_8364170_114/job-8364170-114-sub-20966-ses-1/ds/inputs/data/qsiprep/qsiprep/sub-20966/ses-1/dwi/sub-20966_ses-1_space-ACPC_desc-preproc_dwi.nii.gz	0.0006126634879198	1.918901258471161e-05	0.0001458638417452	1.2282006537134292e-05	1.92007761992286e-05	1.2423130556271644e-05	0.0001459077709962	2.5657888614472504e-05	2.565927427014272e-05	sub-20966	ses-1				space-ACPC			DSIStudio	autotrackgqi
Commissure_CorpusCallosum	tzz	DSIStudio	/scratch/executivefunction/SLURM_8364170_114/job-8364170-114-sub-20966-ses-1/ds/inputs/data/qsiprep/qsiprep/sub-20966/ses-1/dwi/sub-20966_ses-1_space-ACPC_desc-preproc_dwi.nii.gz	0.0006126634879198	0.0009151383013857	0.0003847914513304	0.0008557189721614	0.0009156993169231	0.0008558962435927	0.0003842414719584	0.0008256893746843	0.0008257339664667	sub-20966	ses-1				space-ACPC			DSIStudio	autotrackgqi
Commissure_AnteriorCommissure	ad	DSIStudio	/scratch/executivefunction/SLURM_8364170_114/job-8364170-114-sub-20966-ses-1/ds/inputs/data/qsiprep/qsiprep/sub-20966/ses-1/dwi/sub-20966_ses-1_space-ACPC_desc-preproc_dwi.nii.gz	0.0	1.2415144834961032	0.32522539230512	1.167611539363861	1.2415144834961032	1.167611539363861	0.32522539230512	1.2578313134991226	1.2578313134991226	sub-20966	ses-1				space-ACPC			DSIStudio	autotrackgqi
Commissure_AnteriorCommissure	dti_fa	DSIStudio	/scratch/executivefunction/SLURM_8364170_114/job-8364170-114-sub-20966-ses-1/ds/inputs/data/qsiprep/qsiprep/sub-20966/ses-1/dwi/sub-20966_ses-1_space-ACPC_desc-preproc_dwi.nii.gz	0.0	0.3268904863072203	0.1588947092980737	0.3073952794075012	0.3268904863072203	0.3073952794075012	0.1588947092980737	0.3508722309105377	0.3508722309105377	sub-20966	ses-1				space-ACPC			DSIStudio	autotrackgqi
Commissure_AnteriorCommissure	gfa	DSIStudio	/scratch/executivefunction/SLURM_8364170_114/job-8364170-114-sub-20966-ses-1/ds/inputs/data/qsiprep/qsiprep/sub-20966/ses-1/dwi/sub-20966_ses-1_space-ACPC_desc-preproc_dwi.nii.gz	0.0	0.073766257451609	0.0347640664152364	0.0690279267728328	0.073766257451609	0.0690279267728328	0.0347640664152364	0.0789978069294806	0.0789978069294806	sub-20966	ses-1				space-ACPC			DSIStudio	autotrackgqi
Commissure_AnteriorCommissure	ha	DSIStudio	/scratch/executivefunction/SLURM_8364170_114/job-8364170-114-sub-20966-ses-1/ds/inputs/data/qsiprep/qsiprep/sub-20966/ses-1/dwi/sub-20966_ses-1_space-ACPC_desc-preproc_dwi.nii.gz	0.0	2.5297311029499707	37.11841476816634	3.759887933731079	2.5297311029499707	3.759887933731079	37.11841476816634	-0.9440677070213268	-0.9440677070213268	sub-20966	ses-1				space-ACPC			DSIStudio	autotrackgqi
Commissure_AnteriorCommissure	iso	DSIStudio	/scratch/executivefunction/SLURM_8364170_114/job-8364170-114-sub-20966-ses-1/ds/inputs/data/qsiprep/qsiprep/sub-20966/ses-1/dwi/sub-20966_ses-1_space-ACPC_desc-preproc_dwi.nii.gz	0.0	0.5382366402502027	0.2354713911337635	0.5142040550708771	0.5382366402502027	0.5142040550708771	0.2354713911337635	0.4995627132343155	0.4995627132343155	sub-20966	ses-1				space-ACPC			DSIStudio	autotrackgqi
Commissure_AnteriorCommissure	md	DSIStudio	/scratch/executivefunction/SLURM_8364170_114/job-8364170-114-sub-20966-ses-1/ds/inputs/data/qsiprep/qsiprep/sub-20966/ses-1/dwi/sub-20966_ses-1_space-ACPC_desc-preproc_dwi.nii.gz	0.0	0.9150487542048018	0.2625165226178907	0.8451992273330688	0.9150487542048018	0.8451992273330688	0.2625165226178907	0.9153174212511236	0.9153174212511236	sub-20966	ses-1				space-ACPC			DSIStudio	autotrackgqi
Commissure_AnteriorCommissure	qa	DSIStudio	/scratch/executivefunction/SLURM_8364170_114/job-8364170-114-sub-20966-ses-1/ds/inputs/data/qsiprep/qsiprep/sub-20966/ses-1/dwi/sub-20966_ses-1_space-ACPC_desc-preproc_dwi.nii.gz	0.0	0.1628387342769841	0.0739532273249687	0.1557632759213447	0.1628387342769841	0.1557632759213447	0.0739532273249687	0.17360321086265	0.17360321086265	sub-20966	ses-1				space-ACPC			DSIStudio	autotrackgqi
Commissure_AnteriorCommissure	rd1	DSIStudio	/scratch/executivefunction/SLURM_8364170_114/job-8364170-114-sub-20966-ses-1/ds/inputs/data/qsiprep/qsiprep/sub-20966/ses-1/dwi/sub-20966_ses-1_space-ACPC_desc-preproc_dwi.nii.gz	0.0	0.8500743569535466	0.2964794702505849	0.7989279627799988	0.8500743569535466	0.7989279627799988	0.2964794702505849	0.8482488804618624	0.8482488804618624	sub-20966	ses-1				space-ACPC			DSIStudio	autotrackgqi
Commissure_AnteriorCommissure	rd2	DSIStudio	/scratch/executivefunction/SLURM_8364170_114/job-8364170-114-sub-20966-ses-1/ds/inputs/data/qsiprep/qsiprep/sub-20966/ses-1/dwi/sub-20966_ses-1_space-ACPC_desc-preproc_dwi.nii.gz	0.0	0.6535574211926573	0.2754039779619043	0.6107408702373505	0.6535574211926573	0.6107408702373505	0.2754039779619043	0.6398720606474251	0.6398720606474251	sub-20966	ses-1				space-ACPC			DSIStudio	autotrackgqi
Commissure_AnteriorCommissure	rd	DSIStudio	/scratch/executivefunction/SLURM_8364170_114/job-8364170-114-sub-20966-ses-1/ds/inputs/data/qsiprep/qsiprep/sub-20966/ses-1/dwi/sub-20966_ses-1_space-ACPC_desc-preproc_dwi.nii.gz	0.0	0.7518158881629828	0.2795297147046547	0.7022410333156586	0.7518158881629828	0.7022410333156586	0.2795297147046547	0.7440604687040784	0.7440604687040784	sub-20966	ses-1				space-ACPC			DSIStudio	autotrackgqi
Commissure_AnteriorCommissure	txx	DSIStudio	/scratch/executivefunction/SLURM_8364170_114/job-8364170-114-sub-20966-ses-1/ds/inputs/data/qsiprep/qsiprep/sub-20966/ses-1/dwi/sub-20966_ses-1_space-ACPC_desc-preproc_dwi.nii.gz	0.0	0.0009153147843065	0.0003112627965953	0.0008578993147239	0.0009153147843065	0.0008578993147239	0.0003112627965953	0.0009519151188542	0.0009519151188542	sub-20966	ses-1				space-ACPC			DSIStudio	autotrackgqi
Commissure_AnteriorCommissure	txy	DSIStudio	/scratch/executivefunction/SLURM_8364170_114/job-8364170-114-sub-20966-ses-1/ds/inputs/data/qsiprep/qsiprep/sub-20966/ses-1/dwi/sub-20966_ses-1_space-ACPC_desc-preproc_dwi.nii.gz	0.0	3.56066071342923e-05	0.0001433774090065	3.464189103397075e-05	3.56066071342923e-05	3.464189103397075e-05	0.0001433774090065	4.703022793796964e-05	4.703022793796964e-05	sub-20966	ses-1				space-ACPC			DSIStudio	autotrackgqi
Commissure_AnteriorCommissure	txz	DSIStudio	/scratch/executivefunction/SLURM_8364170_114/job-8364170-114-sub-20966-ses-1/ds/inputs/data/qsiprep/qsiprep/sub-20966/ses-1/dwi/sub-20966_ses-1_space-ACPC_desc-preproc_dwi.nii.gz	0.0	4.583956263454154e-05	0.0001738310135545	3.902537537214812e-05	4.583956263454154e-05	3.902537537214812e-05	0.0001738310135545	6.412486413518678e-06	6.412486413518678e-06	sub-20966	ses-1				space-ACPC			DSIStudio	autotrackgqi
Commissure_AnteriorCommissure	tyy	DSIStudio	/scratch/executivefunction/SLURM_8364170_114/job-8364170-114-sub-20966-ses-1/ds/inputs/data/qsiprep/qsiprep/sub-20966/ses-1/dwi/sub-20966_ses-1_space-ACPC_desc-preproc_dwi.nii.gz	0.0	0.000938736842609	0.0003157042283472	0.0008784566598478	0.000938736842609	0.0008784566598478	0.0003157042283472	0.0009057949838473	0.0009057949838473	sub-20966	ses-1				space-ACPC			DSIStudio	autotrackgqi
Commissure_AnteriorCommissure	tyz	DSIStudio	/scratch/executivefunction/SLURM_8364170_114/job-8364170-114-sub-20966-ses-1/ds/inputs/data/qsiprep/qsiprep/sub-20966/ses-1/dwi/sub-20966_ses-1_space-ACPC_desc-preproc_dwi.nii.gz	0.0	5.109356700546089e-05	0.0001315049346655	2.8514907171484083e-05	5.109356700546089e-05	2.8514907171484083e-05	0.0001315049346655	3.7864619460568685e-05	3.7864619460568685e-05	sub-20966	ses-1				space-ACPC			DSIStudio	autotrackgqi
Commissure_AnteriorCommissure	tzz	DSIStudio	/scratch/executivefunction/SLURM_8364170_114/job-8364170-114-sub-20966-ses-1/ds/inputs/data/qsiprep/qsiprep/sub-20966/ses-1/dwi/sub-20966_ses-1_space-ACPC_desc-preproc_dwi.nii.gz	0.0	0.0008910946359294	0.0003208030003163	0.0008486048027407	0.0008910946359294	0.0008486048027407	0.0003208030003163	0.0008882421526097	0.0008882421526097	sub-20966	ses-1				space-ACPC			DSIStudio	autotrackgqi
Cerebellum_Vermis	ad	DSIStudio	/scratch/executivefunction/SLURM_8364170_114/job-8364170-114-sub-20966-ses-1/ds/inputs/data/qsiprep/qsiprep/sub-20966/ses-1/dwi/sub-20966_ses-1_space-ACPC_desc-preproc_dwi.nii.gz	0.0075452716297786	0.9720702442664736	0.353026254047259	0.8906643986701965	0.9794605400921184	0.8922475874423981	0.3440007712864187	1.004276815166089	1.0067756889556925	sub-20966	ses-1				space-ACPC			DSIStudio	autotrackgqi
Cerebellum_Vermis	dti_fa	DSIStudio	/scratch/executivefunction/SLURM_8364170_114/job-8364170-114-sub-20966-ses-1/ds/inputs/data/qsiprep/qsiprep/sub-20966/ses-1/dwi/sub-20966_ses-1_space-ACPC_desc-preproc_dwi.nii.gz	0.0075452716297786	0.2484215360089866	0.1065147807131565	0.2272977754473686	0.2503101944175699	0.2278090715408325	0.1046847791578078	0.2376420730672648	0.2382333818978462	sub-20966	ses-1				space-ACPC			DSIStudio	autotrackgqi
Cerebellum_Vermis	gfa	DSIStudio	/scratch/executivefunction/SLURM_8364170_114/job-8364170-114-sub-20966-ses-1/ds/inputs/data/qsiprep/qsiprep/sub-20966/ses-1/dwi/sub-20966_ses-1_space-ACPC_desc-preproc_dwi.nii.gz	0.0072937625754527	0.0443212874252461	0.0190916260452681	0.0392450094223022	0.044646931543648	0.0393313318490982	0.0187784241147528	0.0432013462318597	0.043307909617315	sub-20966	ses-1				space-ACPC			DSIStudio	autotrackgqi
Cerebellum_Vermis	ha	DSIStudio	/scratch/executivefunction/SLURM_8364170_114/job-8364170-114-sub-20966-ses-1/ds/inputs/data/qsiprep/qsiprep/sub-20966/ses-1/dwi/sub-20966_ses-1_space-ACPC_desc-preproc_dwi.nii.gz	0.0075452716297786	-2.179440171590873	41.53569343419899	-5.5087316036224365	-2.1960096609846205	-5.780585527420044	41.69284847958304	-3.5034395480188625	-3.512156881881844	sub-20966	ses-1				space-ACPC			DSIStudio	autotrackgqi
Cerebellum_Vermis	iso	DSIStudio	/scratch/executivefunction/SLURM_8364170_114/job-8364170-114-sub-20966-ses-1/ds/inputs/data/qsiprep/qsiprep/sub-20966/ses-1/dwi/sub-20966_ses-1_space-ACPC_desc-preproc_dwi.nii.gz	0.0067907444668008	0.6262651688255796	0.1740564909787016	0.6260572075843811	0.6305470527349973	0.6268887519836426	0.1667419247955022	0.6454202451951194	0.6469808921041137	sub-20966	ses-1				space-ACPC			DSIStudio	autotrackgqi
Cerebellum_Vermis	md	DSIStudio	/scratch/executivefunction/SLURM_8364170_114/job-8364170-114-sub-20966-ses-1/ds/inputs/data/qsiprep/qsiprep/sub-20966/ses-1/dwi/sub-20966_ses-1_space-ACPC_desc-preproc_dwi.nii.gz	0.0075452716297786	0.7705424793319443	0.2934445185237042	0.7008036375045776	0.7764006330014726	0.7020453214645386	0.2867334507740469	0.8030040595093969	0.8050021199154587	sub-20966	ses-1				space-ACPC			DSIStudio	autotrackgqi
Cerebellum_Vermis	qa	DSIStudio	/scratch/executivefunction/SLURM_8364170_114/job-8364170-114-sub-20966-ses-1/ds/inputs/data/qsiprep/qsiprep/sub-20966/ses-1/dwi/sub-20966_ses-1_space-ACPC_desc-preproc_dwi.nii.gz	0.0072937625754527	0.115924960145231	0.0447254187704524	0.110807929188013	0.1167767016816414	0.1110713705420494	0.0437675323662612	0.1164117624433207	0.1166989116437055	sub-20966	ses-1				space-ACPC			DSIStudio	autotrackgqi
Cerebellum_Vermis	rd1	DSIStudio	/scratch/executivefunction/SLURM_8364170_114/job-8364170-114-sub-20966-ses-1/ds/inputs/data/qsiprep/qsiprep/sub-20966/ses-1/dwi/sub-20966_ses-1_space-ACPC_desc-preproc_dwi.nii.gz	0.0075452716297786	0.7395976885133826	0.2874208735027956	0.6778355240821838	0.7452205802152075	0.6789640784263611	0.2811556924564576	0.7680385536312931	0.7699496117632697	sub-20966	ses-1				space-ACPC			DSIStudio	autotrackgqi
Cerebellum_Vermis	rd2	DSIStudio	/scratch/executivefunction/SLURM_8364170_114/job-8364170-114-sub-20966-ses-1/ds/inputs/data/qsiprep/qsiprep/sub-20966/ses-1/dwi/sub-20966_ses-1_space-ACPC_desc-preproc_dwi.nii.gz	0.0075452716297786	0.5999595063028321	0.271348440086486	0.5546582341194153	0.60452077979221	0.5558487772941589	0.2672683542912735	0.6366968160484354	0.6382810653607603	sub-20966	ses-1				space-ACPC			DSIStudio	autotrackgqi
Cerebellum_Vermis	rd	DSIStudio	/scratch/executivefunction/SLURM_8364170_114/job-8364170-114-sub-20966-ses-1/ds/inputs/data/qsiprep/qsiprep/sub-20966/ses-1/dwi/sub-20966_ses-1_space-ACPC_desc-preproc_dwi.nii.gz	0.0075452716297786	0.6697785974043595	0.2754400975016392	0.6133852601051331	0.6748706799999326	0.6145055592060089	0.2701990767963807	0.7023676849379731	0.704115338660368	sub-20966	ses-1				space-ACPC			DSIStudio	autotrackgqi
Cerebellum_Vermis	txx	DSIStudio	/scratch/executivefunction/SLURM_8364170_114/job-8364170-114-sub-20966-ses-1/ds/inputs/data/qsiprep/qsiprep/sub-20966/ses-1/dwi/sub-20966_ses-1_space-ACPC_desc-preproc_dwi.nii.gz	0.0075452716297786	0.0007475485439997	0.0003188679206033	0.0006892640667501	0.0007532318831583	0.0006903212051838	0.0003133191500947	0.0007733747507292	0.0007752990864513	sub-20966	ses-1				space-ACPC			DSIStudio	autotrackgqi
Cerebellum_Vermis	txy	DSIStudio	/scratch/executivefunction/SLURM_8364170_114/job-8364170-114-sub-20966-ses-1/ds/inputs/data/qsiprep/qsiprep/sub-20966/ses-1/dwi/sub-20966_ses-1_space-ACPC_desc-preproc_dwi.nii.gz	0.0075452716297786	2.1939492192258106e-05	8.805348545305607e-05	2.616210622363724e-05	2.210629015621344e-05	2.7199196665606e-05	8.836670987921697e-05	3.091574800859878e-05	3.099267349782042e-05	sub-20966	ses-1				space-ACPC			DSIStudio	autotrackgqi
Cerebellum_Vermis	txz	DSIStudio	/scratch/executivefunction/SLURM_8364170_114/job-8364170-114-sub-20966-ses-1/ds/inputs/data/qsiprep/qsiprep/sub-20966/ses-1/dwi/sub-20966_ses-1_space-ACPC_desc-preproc_dwi.nii.gz	0.0075452716297786	8.907347766868047e-06	9.283509662040828e-05	1.5388856809295248e-05	8.975067085926852e-06	1.6060605048551224e-05	9.318406297595484e-05	8.781547268054844e-06	8.803397629855029e-06	sub-20966	ses-1				space-ACPC			DSIStudio	autotrackgqi
Cerebellum_Vermis	tyy	DSIStudio	/scratch/executivefunction/SLURM_8364170_114/job-8364170-114-sub-20966-ses-1/ds/inputs/data/qsiprep/qsiprep/sub-20966/ses-1/dwi/sub-20966_ses-1_space-ACPC_desc-preproc_dwi.nii.gz	0.0075452716297786	0.000774336868252	0.0003202339250416	0.0007131418969947	0.0007802238692777	0.0007147597789298	0.0003142232272354	0.0007934369419981	0.0007954111972991	sub-20966	ses-1				space-ACPC			DSIStudio	autotrackgqi
Cerebellum_Vermis	tyz	DSIStudio	/scratch/executivefunction/SLURM_8364170_114/job-8364170-114-sub-20966-ses-1/ds/inputs/data/qsiprep/qsiprep/sub-20966/ses-1/dwi/sub-20966_ses-1_space-ACPC_desc-preproc_dwi.nii.gz	0.0075452716297786	1.8377913273024727e-05	8.598162357053003e-05	1.7467602447140962e-05	1.8517633850366527e-05	1.8127651856048036e-05	8.62928581207753e-05	2.652034133776989e-05	2.658633007908924e-05	sub-20966	ses-1				space-ACPC			DSIStudio	autotrackgqi
Cerebellum_Vermis	tzz	DSIStudio	/scratch/executivefunction/SLURM_8364170_114/job-8364170-114-sub-20966-ses-1/ds/inputs/data/qsiprep/qsiprep/sub-20966/ses-1/dwi/sub-20966_ses-1_space-ACPC_desc-preproc_dwi.nii.gz	0.0075452716297786	0.0007897420266448	0.0003115662081448	0.0007217405363917	0.0007957461474759	0.000722992233932	0.0003050143611342	0.0008422004931046	0.0008442960833177	sub-20966	ses-1				space-ACPC			DSIStudio	autotrackgqi
Cerebellum_InferiorCerebellarPeduncleL	ad	DSIStudio	/scratch/executivefunction/SLURM_8364170_114/job-8364170-114-sub-20966-ses-1/ds/inputs/data/qsiprep/qsiprep/sub-20966/ses-1/dwi/sub-20966_ses-1_space-ACPC_desc-preproc_dwi.nii.gz	0.0069276065119501	1.176872677917831	0.6035958967725048	0.9899950623512268	1.1850824629050496	0.9912522435188292	0.5976121335476792	1.221637256314495	1.2240694588396346	sub-20966	ses-1				space-ACPC			DSIStudio	autotrackgqi
Cerebellum_InferiorCerebellarPeduncleL	dti_fa	DSIStudio	/scratch/executivefunction/SLURM_8364170_114/job-8364170-114-sub-20966-ses-1/ds/inputs/data/qsiprep/qsiprep/sub-20966/ses-1/dwi/sub-20966_ses-1_space-ACPC_desc-preproc_dwi.nii.gz	0.0069276065119501	0.3222917827097218	0.1690034164916573	0.278306245803833	0.3245400686023603	0.2794909477233886	0.1674268306067649	0.3849989659103341	0.3857654744070791	sub-20966	ses-1				space-ACPC			DSIStudio	autotrackgqi
Cerebellum_InferiorCerebellarPeduncleL	gfa	DSIStudio	/scratch/executivefunction/SLURM_8364170_114/job-8364170-114-sub-20966-ses-1/ds/inputs/data/qsiprep/qsiprep/sub-20966/ses-1/dwi/sub-20966_ses-1_space-ACPC_desc-preproc_dwi.nii.gz	0.0069276065119501	0.0652262733837607	0.0334037307761508	0.0544710047543048	0.0656812874987503	0.054659329354763	0.0330712432080381	0.0784337351785605	0.078589891762596	sub-20966	ses-1				space-ACPC			DSIStudio	autotrackgqi
Cerebellum_InferiorCerebellarPeduncleL	ha	DSIStudio	/scratch/executivefunction/SLURM_8364170_114/job-8364170-114-sub-20966-ses-1/ds/inputs/data/qsiprep/qsiprep/sub-20966/ses-1/dwi/sub-20966_ses-1_space-ACPC_desc-preproc_dwi.nii.gz	0.0069276065119501	10.655089640601338	40.10493738535914	17.936227798461914	10.729418832373932	18.28126335144043	40.23466945576943	10.476172595548569	10.497029948162671	sub-20966	ses-1				space-ACPC			DSIStudio	autotrackgqi
Cerebellum_InferiorCerebellarPeduncleL	iso	DSIStudio	/scratch/executivefunction/SLURM_8364170_114/job-8364170-114-sub-20966-ses-1/ds/inputs/data/qsiprep/qsiprep/sub-20966/ses-1/dwi/sub-20966_ses-1_space-ACPC_desc-preproc_dwi.nii.gz	0.0069276065119501	0.5804388601540007	0.1590721941130263	0.591990053653717	0.5844879627710499	0.593526303768158	0.1520323319269006	0.5730160016317907	0.574156840172375	sub-20966	ses-1				space-ACPC			DSIStudio	autotrackgqi
Cerebellum_InferiorCerebellarPeduncleL	md	DSIStudio	/scratch/executivefunction/SLURM_8364170_114/job-8364170-114-sub-20966-ses-1/ds/inputs/data/qsiprep/qsiprep/sub-20966/ses-1/dwi/sub-20966_ses-1_space-ACPC_desc-preproc_dwi.nii.gz	0.0069276065119501	0.8785243406711172	0.5203385068361815	0.7098731398582458	0.88465286763778	0.7115952968597412	0.5169325794424822	0.8623367515597122	0.8640536096321855	sub-20966	ses-1				space-ACPC			DSIStudio	autotrackgqi
Cerebellum_InferiorCerebellarPeduncleL	qa	DSIStudio	/scratch/executivefunction/SLURM_8364170_114/job-8364170-114-sub-20966-ses-1/ds/inputs/data/qsiprep/qsiprep/sub-20966/ses-1/dwi/sub-20966_ses-1_space-ACPC_desc-preproc_dwi.nii.gz	0.0069276065119501	0.1610046655665805	0.0864804921192728	0.1390454769134521	0.1621278233312585	0.1399357616901397	0.0857260318007442	0.1972377935792503	0.1976304814702899	sub-20966	ses-1				space-ACPC			DSIStudio	autotrackgqi
Cerebellum_InferiorCerebellarPeduncleL	rd1	DSIStudio	/scratch/executivefunction/SLURM_8364170_114/job-8364170-114-sub-20966-ses-1/ds/inputs/data/qsiprep/qsiprep/sub-20966/ses-1/dwi/sub-20966_ses-1_space-ACPC_desc-preproc_dwi.nii.gz	0.0069276065119501	0.8126457107002074	0.5191103992619364	0.673497200012207	0.8183146727560163	0.6742746829986572	0.5164459851500595	0.7733890284631534	0.774928797345584	sub-20966	ses-1				space-ACPC			DSIStudio	autotrackgqi
Cerebellum_InferiorCerebellarPeduncleL	rd2	DSIStudio	/scratch/executivefunction/SLURM_8364170_114/job-8364170-114-sub-20966-ses-1/ds/inputs/data/qsiprep/qsiprep/sub-20966/ses-1/dwi/sub-20966_ses-1_space-ACPC_desc-preproc_dwi.nii.gz	0.0069276065119501	0.6460546342540529	0.4875927723702428	0.5233014225959778	0.650561468117004	0.5246365070343018	0.4862851471638867	0.5919839618789816	0.5931625646728584	sub-20966	ses-1				space-ACPC			DSIStudio	autotrackgqi
Cerebellum_InferiorCerebellarPeduncleL	rd	DSIStudio	/scratch/executivefunction/SLURM_8364170_114/job-8364170-114-sub-20966-ses-1/ds/inputs/data/qsiprep/qsiprep/sub-20966/ses-1/dwi/sub-20966_ses-1_space-ACPC_desc-preproc_dwi.nii.gz	0.0069276065119501	0.7293501730503757	0.5006438802715709	0.5938930511474609	0.7344380710137547	0.5947777032852173	0.4986542155674073	0.682686496521118	0.6840456823619596	sub-20966	ses-1				space-ACPC			DSIStudio	autotrackgqi
Cerebellum_InferiorCerebellarPeduncleL	txx	DSIStudio	/scratch/executivefunction/SLURM_8364170_114/job-8364170-114-sub-20966-ses-1/ds/inputs/data/qsiprep/qsiprep/sub-20966/ses-1/dwi/sub-20966_ses-1_space-ACPC_desc-preproc_dwi.nii.gz	0.0069276065119501	0.0008124851406337	0.0005285713713869	0.0006716174539178	0.0008181529825634	0.0006729624001309	0.0005260223595227	0.0007646873151126	0.0007662097593144	sub-20966	ses-1				space-ACPC			DSIStudio	autotrackgqi
Cerebellum_InferiorCerebellarPeduncleL	txy	DSIStudio	/scratch/executivefunction/SLURM_8364170_114/job-8364170-114-sub-20966-ses-1/ds/inputs/data/qsiprep/qsiprep/sub-20966/ses-1/dwi/sub-20966_ses-1_space-ACPC_desc-preproc_dwi.nii.gz	0.0069276065119501	1.3845262753340862e-07	0.0001331629203864	-2.3984650397324003e-05	1.3941846379105362e-07	-2.5192188331857324e-05	0.000133626580479	1.2736400453233822e-05	1.276175758812844e-05	sub-20966	ses-1				space-ACPC			DSIStudio	autotrackgqi
Cerebellum_InferiorCerebellarPeduncleL	txz	DSIStudio	/scratch/executivefunction/SLURM_8364170_114/job-8364170-114-sub-20966-ses-1/ds/inputs/data/qsiprep/qsiprep/sub-20966/ses-1/dwi/sub-20966_ses-1_space-ACPC_desc-preproc_dwi.nii.gz	0.0069276065119501	-3.247756329027205e-05	0.0001131784475284	-4.5371933083515614e-05	-3.2704124596796446e-05	-4.600051761372015e-05	0.0001135398993312	-2.2665453170070345e-05	-2.2710578661893197e-05	sub-20966	ses-1				space-ACPC			DSIStudio	autotrackgqi
Cerebellum_InferiorCerebellarPeduncleL	tyy	DSIStudio	/scratch/executivefunction/SLURM_8364170_114/job-8364170-114-sub-20966-ses-1/ds/inputs/data/qsiprep/qsiprep/sub-20966/ses-1/dwi/sub-20966_ses-1_space-ACPC_desc-preproc_dwi.nii.gz	0.0069276065119501	0.0009302785276633	0.0005237335387445	0.0007928002742119	0.0009367680883725	0.0007944580866023	0.0005197413611308	0.0009169492014557	0.0009187747892832	sub-20966	ses-1				space-ACPC			DSIStudio	autotrackgqi
Cerebellum_InferiorCerebellarPeduncleL	tyz	DSIStudio	/scratch/executivefunction/SLURM_8364170_114/job-8364170-114-sub-20966-ses-1/ds/inputs/data/qsiprep/qsiprep/sub-20966/ses-1/dwi/sub-20966_ses-1_space-ACPC_desc-preproc_dwi.nii.gz	0.0069276065119501	2.215802816654732e-05	0.0001511195592384	2.2159159925649877e-05	2.231260108713712e-05	2.312413926119916e-05	0.0001516343710657	7.434891856889467e-05	7.449694223768371e-05	sub-20966	ses-1				space-ACPC			DSIStudio	autotrackgqi
Cerebellum_InferiorCerebellarPeduncleL	tzz	DSIStudio	/scratch/executivefunction/SLURM_8364170_114/job-8364170-114-sub-20966-ses-1/ds/inputs/data/qsiprep/qsiprep/sub-20966/ses-1/dwi/sub-20966_ses-1_space-ACPC_desc-preproc_dwi.nii.gz	0.0069276065119501	0.0008928093540944	0.0005900565175825	0.0007308584172278	0.0008990375323581	0.0007330396911129	0.0005873636994784	0.0009053737315167	0.0009071762736916	sub-20966	ses-1				space-ACPC			DSIStudio	autotrackgqi
Cerebellum_CerebellumR	ad	DSIStudio	/scratch/executivefunction/SLURM_8364170_114/job-8364170-114-sub-20966-ses-1/ds/inputs/data/qsiprep/qsiprep/sub-20966/ses-1/dwi/sub-20966_ses-1_space-ACPC_desc-preproc_dwi.nii.gz	0.0133465150766188	1.0050607735030557	0.3527313686588717	0.9203530848026276	1.0186562849682772	0.922956794500351	0.3350422263534114	1.02469483357616	1.0296531871140329	sub-20966	ses-1				space-ACPC			DSIStudio	autotrackgqi
Cerebellum_CerebellumR	dti_fa	DSIStudio	/scratch/executivefunction/SLURM_8364170_114/job-8364170-114-sub-20966-ses-1/ds/inputs/data/qsiprep/qsiprep/sub-20966/ses-1/dwi/sub-20966_ses-1_space-ACPC_desc-preproc_dwi.nii.gz	0.0133465150766188	0.2438339193386554	0.1209907383664968	0.216038703918457	0.2471322739589679	0.2173326537013054	0.11841304056055	0.2506363535173443	0.2518491474232545	sub-20966	ses-1				space-ACPC			DSIStudio	autotrackgqi
Cerebellum_CerebellumR	gfa	DSIStudio	/scratch/executivefunction/SLURM_8364170_114/job-8364170-114-sub-20966-ses-1/ds/inputs/data/qsiprep/qsiprep/sub-20966/ses-1/dwi/sub-20966_ses-1_space-ACPC_desc-preproc_dwi.nii.gz	0.0133465150766188	0.046213394530657	0.0228910378154156	0.0400499980896711	0.0468385256189976	0.0401994492858648	0.0224010616908693	0.0484526198642522	0.0486870752466824	sub-20966	ses-1				space-ACPC			DSIStudio	autotrackgqi
Cerebellum_CerebellumR	ha	DSIStudio	/scratch/executivefunction/SLURM_8364170_114/job-8364170-114-sub-20966-ses-1/ds/inputs/data/qsiprep/qsiprep/sub-20966/ses-1/dwi/sub-20966_ses-1_space-ACPC_desc-preproc_dwi.nii.gz	0.0133465150766188	-16.731787939480213	29.259998945226503	-19.3223237991333	-16.958119740264763	-19.76138019561768	29.392014741605912	-16.500875322319885	-16.58072072684089	sub-20966	ses-1				space-ACPC			DSIStudio	autotrackgqi
Cerebellum_CerebellumR	iso	DSIStudio	/scratch/executivefunction/SLURM_8364170_114/job-8364170-114-sub-20966-ses-1/ds/inputs/data/qsiprep/qsiprep/sub-20966/ses-1/dwi/sub-20966_ses-1_space-ACPC_desc-preproc_dwi.nii.gz	0.0133465150766188	0.6804987109541061	0.2102091266559017	0.6880845427513123	0.6897038538377538	0.6900720000267029	0.1960530188740016	0.7240909121487888	0.7275946857765312	sub-20966	ses-1				space-ACPC			DSIStudio	autotrackgqi
Cerebellum_CerebellumR	md	DSIStudio	/scratch/executivefunction/SLURM_8364170_114/job-8364170-114-sub-20966-ses-1/ds/inputs/data/qsiprep/qsiprep/sub-20966/ses-1/dwi/sub-20966_ses-1_space-ACPC_desc-preproc_dwi.nii.gz	0.0133465150766188	0.7992571736812533	0.2974067300033395	0.7231520116329193	0.8100687687160197	0.7250728905200958	0.2844101014931036	0.8098908470323691	0.8138097944256324	sub-20966	ses-1				space-ACPC			DSIStudio	autotrackgqi
Cerebellum_CerebellumR	qa	DSIStudio	/scratch/executivefunction/SLURM_8364170_114/job-8364170-114-sub-20966-ses-1/ds/inputs/data/qsiprep/qsiprep/sub-20966/ses-1/dwi/sub-20966_ses-1_space-ACPC_desc-preproc_dwi.nii.gz	0.0133465150766188	0.1292677516740568	0.0579011878738217	0.1211228519678115	0.1310163635453993	0.1216506510972976	0.0562921031830452	0.1425969337258113	0.1432869401427206	sub-20966	ses-1				space-ACPC			DSIStudio	autotrackgqi
Cerebellum_CerebellumR	rd1	DSIStudio	/scratch/executivefunction/SLURM_8364170_114/job-8364170-114-sub-20966-ses-1/ds/inputs/data/qsiprep/qsiprep/sub-20966/ses-1/dwi/sub-20966_ses-1_space-ACPC_desc-preproc_dwi.nii.gz	0.0133465150766188	0.7680994991896268	0.3108036296904058	0.6951580345630646	0.7784896226756588	0.6970172226428986	0.2996948304736275	0.7735476203603786	0.7772907080142998	sub-20966	ses-1				space-ACPC			DSIStudio	autotrackgqi
Cerebellum_CerebellumR	rd2	DSIStudio	/scratch/executivefunction/SLURM_8364170_114/job-8364170-114-sub-20966-ses-1/ds/inputs/data/qsiprep/qsiprep/sub-20966/ses-1/dwi/sub-20966_ses-1_space-ACPC_desc-preproc_dwi.nii.gz	0.0133465150766188	0.6246112479735765	0.2716262683432018	0.5869364440441132	0.6330603981215156	0.5887358784675598	0.2634958150948316	0.6314300881922701	0.634485489185258	sub-20966	ses-1				space-ACPC			DSIStudio	autotrackgqi
Cerebellum_CerebellumR	rd	DSIStudio	/scratch/executivefunction/SLURM_8364170_114/job-8364170-114-sub-20966-ses-1/ds/inputs/data/qsiprep/qsiprep/sub-20966/ses-1/dwi/sub-20966_ses-1_space-ACPC_desc-preproc_dwi.nii.gz	0.0133465150766188	0.6963553736064615	0.2850045070503408	0.6355471014976501	0.7057750104237833	0.6379311084747314	0.275096700248374	0.7024888548151905	0.7058880991412526	sub-20966	ses-1				space-ACPC			DSIStudio	autotrackgqi
Cerebellum_CerebellumR	txx	DSIStudio	/scratch/executivefunction/SLURM_8364170_114/job-8364170-114-sub-20966-ses-1/ds/inputs/data/qsiprep/qsiprep/sub-20966/ses-1/dwi/sub-20966_ses-1_space-ACPC_desc-preproc_dwi.nii.gz	0.0133465150766188	0.0007968271217618	0.0003235221295023	0.0007285099127329	0.0008076058453527	0.0007313582464121	0.0003120535826306	0.0008142859058363	0.0008182261202981	sub-20966	ses-1				space-ACPC			DSIStudio	autotrackgqi
Cerebellum_CerebellumR	txy	DSIStudio	/scratch/executivefunction/SLURM_8364170_114/job-8364170-114-sub-20966-ses-1/ds/inputs/data/qsiprep/qsiprep/sub-20966/ses-1/dwi/sub-20966_ses-1_space-ACPC_desc-preproc_dwi.nii.gz	0.0133465150766188	2.8895695994073277e-05	9.410922774596044e-05	4.455064299691003e-05	2.9286569637279675e-05	4.595504833559971e-05	9.468316843994888e-05	2.8292841479665092e-05	2.842974654247071e-05	sub-20966	ses-1				space-ACPC			DSIStudio	autotrackgqi
Cerebellum_CerebellumR	txz	DSIStudio	/scratch/executivefunction/SLURM_8364170_114/job-8364170-114-sub-20966-ses-1/ds/inputs/data/qsiprep/qsiprep/sub-20966/ses-1/dwi/sub-20966_ses-1_space-ACPC_desc-preproc_dwi.nii.gz	0.0133465150766188	3.110829475187312e-05	8.090122606594582e-05	3.3138447179226205e-05	3.152909833819605e-05	3.410154931771103e-05	8.136507545501407e-05	3.536716749448895e-05	3.5538304221614105e-05	sub-20966	ses-1				space-ACPC			DSIStudio	autotrackgqi
Cerebellum_CerebellumR	tyy	DSIStudio	/scratch/executivefunction/SLURM_8364170_114/job-8364170-114-sub-20966-ses-1/ds/inputs/data/qsiprep/qsiprep/sub-20966/ses-1/dwi/sub-20966_ses-1_space-ACPC_desc-preproc_dwi.nii.gz	0.0133465150766188	0.0008353065226998	0.0003398616660141	0.0007624506542924	0.0008466057592293	0.000765478296671	0.0003278755992262	0.0008583960858554	0.0008625497432471	sub-20966	ses-1				space-ACPC			DSIStudio	autotrackgqi
Cerebellum_CerebellumR	tyz	DSIStudio	/scratch/executivefunction/SLURM_8364170_114/job-8364170-114-sub-20966-ses-1/ds/inputs/data/qsiprep/qsiprep/sub-20966/ses-1/dwi/sub-20966_ses-1_space-ACPC_desc-preproc_dwi.nii.gz	0.0133465150766188	3.451479782175362e-05	0.0001050136907638	4.355873352324125e-05	3.498168135942263e-05	4.484655801206827e-05	0.000105644297252	3.3092364834076145e-05	3.325249411210711e-05	sub-20966	ses-1				space-ACPC			DSIStudio	autotrackgqi
Cerebellum_CerebellumR	tzz	DSIStudio	/scratch/executivefunction/SLURM_8364170_114/job-8364170-114-sub-20966-ses-1/ds/inputs/data/qsiprep/qsiprep/sub-20966/ses-1/dwi/sub-20966_ses-1_space-ACPC_desc-preproc_dwi.nii.gz	0.0133465150766188	0.0007656378774845	0.0002952477787792	0.0007177769439294	0.0007759947024805	0.0007197084778454	0.0002833965062768	0.0007569905504832	0.0007606535208146	sub-20966	ses-1				space-ACPC			DSIStudio	autotrackgqi
Cerebellum_CerebellumL	ad	DSIStudio	/scratch/executivefunction/SLURM_8364170_114/job-8364170-114-sub-20966-ses-1/ds/inputs/data/qsiprep/qsiprep/sub-20966/ses-1/dwi/sub-20966_ses-1_space-ACPC_desc-preproc_dwi.nii.gz	0.0269912675310928	0.9705576395296048	0.3160325469668782	0.9202486276626588	0.9974809137292292	0.9250669181346892	0.2753029153655872	0.9789646545991731	0.9866441141972784	sub-20966	ses-1				space-ACPC			DSIStudio	autotrackgqi
Cerebellum_CerebellumL	dti_fa	DSIStudio	/scratch/executivefunction/SLURM_8364170_114/job-8364170-114-sub-20966-ses-1/ds/inputs/data/qsiprep/qsiprep/sub-20966/ses-1/dwi/sub-20966_ses-1_space-ACPC_desc-preproc_dwi.nii.gz	0.0269912675310928	0.2254321698166408	0.113430468092079	0.2025710195302963	0.2316856594335289	0.2047688066959381	0.108510567245789	0.2349424703813029	0.2367854697235444	sub-20966	ses-1				space-ACPC			DSIStudio	autotrackgqi
Cerebellum_CerebellumL	gfa	DSIStudio	/scratch/executivefunction/SLURM_8364170_114/job-8364170-114-sub-20966-ses-1/ds/inputs/data/qsiprep/qsiprep/sub-20966/ses-1/dwi/sub-20966_ses-1_space-ACPC_desc-preproc_dwi.nii.gz	0.0269912675310928	0.0433909247072867	0.0213650507693836	0.0388946272432804	0.0445945891946795	0.0391968842595815	0.0203826108130853	0.0449415095031281	0.0452940518626803	sub-20966	ses-1				space-ACPC			DSIStudio	autotrackgqi
Cerebellum_CerebellumL	ha	DSIStudio	/scratch/executivefunction/SLURM_8364170_114/job-8364170-114-sub-20966-ses-1/ds/inputs/data/qsiprep/qsiprep/sub-20966/ses-1/dwi/sub-20966_ses-1_space-ACPC_desc-preproc_dwi.nii.gz	0.0269912675310928	11.066159109563422	26.377227432519195	12.12519598007202	11.373134423453951	12.919852256774902	26.67521677035424	10.54527096002542	10.627993050470169	sub-20966	ses-1				space-ACPC			DSIStudio	autotrackgqi
Cerebellum_CerebellumL	iso	DSIStudio	/scratch/executivefunction/SLURM_8364170_114/job-8364170-114-sub-20966-ses-1/ds/inputs/data/qsiprep/qsiprep/sub-20966/ses-1/dwi/sub-20966_ses-1_space-ACPC_desc-preproc_dwi.nii.gz	0.0269912675310928	0.6863268221676504	0.2127773107468488	0.7033776938915253	0.7053655319476613	0.7075347602367401	0.1819363636732175	0.7337842216086414	0.7395403706798098	sub-20966	ses-1				space-ACPC			DSIStudio	autotrackgqi
Cerebellum_CerebellumL	md	DSIStudio	/scratch/executivefunction/SLURM_8364170_114/job-8364170-114-sub-20966-ses-1/ds/inputs/data/qsiprep/qsiprep/sub-20966/ses-1/dwi/sub-20966_ses-1_space-ACPC_desc-preproc_dwi.nii.gz	0.0269912675310928	0.7811945156544471	0.2612009825829872	0.7337416410446167	0.8028648557677878	0.7377195060253143	0.2296087697116203	0.7854445087812977	0.7916059052631286	sub-20966	ses-1				space-ACPC			DSIStudio	autotrackgqi
Cerebellum_CerebellumL	qa	DSIStudio	/scratch/executivefunction/SLURM_8364170_114/job-8364170-114-sub-20966-ses-1/ds/inputs/data/qsiprep/qsiprep/sub-20966/ses-1/dwi/sub-20966_ses-1_space-ACPC_desc-preproc_dwi.nii.gz	0.0269912675310928	0.1246145676868172	0.0556764902573072	0.1171685308218002	0.1280713764722551	0.1182391829788684	0.0523750299490069	0.1357158996283735	0.1367805190417176	sub-20966	ses-1				space-ACPC			DSIStudio	autotrackgqi
Cerebellum_CerebellumL	rd1	DSIStudio	/scratch/executivefunction/SLURM_8364170_114/job-8364170-114-sub-20966-ses-1/ds/inputs/data/qsiprep/qsiprep/sub-20966/ses-1/dwi/sub-20966_ses-1_space-ACPC_desc-preproc_dwi.nii.gz	0.0269912675310928	0.753342330404519	0.2677685729208739	0.7126360237598419	0.7742400507475327	0.7170685231685638	0.239810581949541	0.7583677674995531	0.7643167612398711	sub-20966	ses-1				space-ACPC			DSIStudio	autotrackgqi
Cerebellum_CerebellumL	rd2	DSIStudio	/scratch/executivefunction/SLURM_8364170_114/job-8364170-114-sub-20966-ses-1/ds/inputs/data/qsiprep/qsiprep/sub-20966/ses-1/dwi/sub-20966_ses-1_space-ACPC_desc-preproc_dwi.nii.gz	0.0269912675310928	0.6196835769138802	0.2402608830198127	0.6015773415565491	0.6368736027080646	0.6053162515163422	0.219951626870142	0.6190011034443865	0.6238568395451745	sub-20966	ses-1				space-ACPC			DSIStudio	autotrackgqi
Cerebellum_CerebellumL	rd	DSIStudio	/scratch/executivefunction/SLURM_8364170_114/job-8364170-114-sub-20966-ses-1/ds/inputs/data/qsiprep/qsiprep/sub-20966/ses-1/dwi/sub-20966_ses-1_space-ACPC_desc-preproc_dwi.nii.gz	0.0269912675310928	0.6865129536242042	0.2484329287584417	0.6517934203147888	0.7055568266918324	0.6562590301036835	0.2235944288684757	0.6886844352547054	0.694086800173554	sub-20966	ses-1				space-ACPC			DSIStudio	autotrackgqi
Cerebellum_CerebellumL	txx	DSIStudio	/scratch/executivefunction/SLURM_8364170_114/job-8364170-114-sub-20966-ses-1/ds/inputs/data/qsiprep/qsiprep/sub-20966/ses-1/dwi/sub-20966_ses-1_space-ACPC_desc-preproc_dwi.nii.gz	0.0269912675310928	0.0007926361432024	0.0002789264423054	0.0007578037329949	0.0008146238741261	0.0007626845908816	0.00024909114996	0.0008053714128315	0.0008116891253055	sub-20966	ses-1				space-ACPC			DSIStudio	autotrackgqi
Cerebellum_CerebellumL	txy	DSIStudio	/scratch/executivefunction/SLURM_8364170_114/job-8364170-114-sub-20966-ses-1/ds/inputs/data/qsiprep/qsiprep/sub-20966/ses-1/dwi/sub-20966_ses-1_space-ACPC_desc-preproc_dwi.nii.gz	0.0269912675310928	-3.306379685669947e-05	9.784121520929082e-05	-5.303913712850772e-05	-3.3980986761345475e-05	-5.5190748753375374e-05	9.903175636043096e-05	-3.363458604837207e-05	-3.3898431603101945e-05	sub-20966	ses-1				space-ACPC			DSIStudio	autotrackgqi
Cerebellum_CerebellumL	txz	DSIStudio	/scratch/executivefunction/SLURM_8364170_114/job-8364170-114-sub-20966-ses-1/ds/inputs/data/qsiprep/qsiprep/sub-20966/ses-1/dwi/sub-20966_ses-1_space-ACPC_desc-preproc_dwi.nii.gz	0.0269912675310928	-1.4874819480827858e-05	7.915314096461176e-05	-1.3825724181515398e-05	-1.5287447054133392e-05	-1.6292727195832413e-05	8.020417028821507e-05	-1.3984061082207413e-05	-1.4093758671068628e-05	sub-20966	ses-1				space-ACPC			DSIStudio	autotrackgqi
Cerebellum_CerebellumL	tyy	DSIStudio	/scratch/executivefunction/SLURM_8364170_114/job-8364170-114-sub-20966-ses-1/ds/inputs/data/qsiprep/qsiprep/sub-20966/ses-1/dwi/sub-20966_ses-1_space-ACPC_desc-preproc_dwi.nii.gz	0.0269912675310928	0.0008163749852589	0.0002960302804593	0.0007704302552156	0.0008390212317904	0.000775248685386	0.0002665787142642	0.0008217128486887	0.0008281587511067	sub-20966	ses-1				space-ACPC			DSIStudio	autotrackgqi
Cerebellum_CerebellumL	tyz	DSIStudio	/scratch/executivefunction/SLURM_8364170_114/job-8364170-114-sub-20966-ses-1/ds/inputs/data/qsiprep/qsiprep/sub-20966/ses-1/dwi/sub-20966_ses-1_space-ACPC_desc-preproc_dwi.nii.gz	0.0269912675310928	2.7866211741743405e-05	9.391672389232508e-05	3.5602226489572786e-05	2.8639220607029736e-05	3.760127401619684e-05	9.50941072869326e-05	2.7856810712954525e-05	2.8075332675074403e-05	sub-20966	ses-1				space-ACPC			DSIStudio	autotrackgqi
Cerebellum_CerebellumL	tzz	DSIStudio	/scratch/executivefunction/SLURM_8364170_114/job-8364170-114-sub-20966-ses-1/ds/inputs/data/qsiprep/qsiprep/sub-20966/ses-1/dwi/sub-20966_ses-1_space-ACPC_desc-preproc_dwi.nii.gz	0.0269912675310928	0.0007345724183476	0.0002637171965064	0.0007079417991917	0.0007549494612281	0.0007123150571715	0.0002368382352629	0.0007292492627927	0.0007349698373302	sub-20966	ses-1				space-ACPC			DSIStudio	autotrackgqi
Cerebellum_SuperiorCerebellarPeduncle	ad	DSIStudio	/scratch/executivefunction/SLURM_8364170_114/job-8364170-114-sub-20966-ses-1/ds/inputs/data/qsiprep/qsiprep/sub-20966/ses-1/dwi/sub-20966_ses-1_space-ACPC_desc-preproc_dwi.nii.gz	0.0	1.375776547796565	0.7042408590848537	1.0831244587898254	1.375776547796565	1.0831244587898254	0.7042408590848537	1.593968347028678	1.593968347028678	sub-20966	ses-1				space-ACPC			DSIStudio	autotrackgqi
Cerebellum_SuperiorCerebellarPeduncle	dti_fa	DSIStudio	/scratch/executivefunction/SLURM_8364170_114/job-8364170-114-sub-20966-ses-1/ds/inputs/data/qsiprep/qsiprep/sub-20966/ses-1/dwi/sub-20966_ses-1_space-ACPC_desc-preproc_dwi.nii.gz	0.0	0.3388975851498599	0.1612811520551207	0.3169709295034408	0.3388975851498599	0.3169709295034408	0.1612811520551207	0.4097124803545433	0.4097124803545433	sub-20966	ses-1				space-ACPC			DSIStudio	autotrackgqi
Cerebellum_SuperiorCerebellarPeduncle	gfa	DSIStudio	/scratch/executivefunction/SLURM_8364170_114/job-8364170-114-sub-20966-ses-1/ds/inputs/data/qsiprep/qsiprep/sub-20966/ses-1/dwi/sub-20966_ses-1_space-ACPC_desc-preproc_dwi.nii.gz	0.0	0.0757293955776622	0.0340098480101019	0.0694302022457122	0.0757293955776622	0.0694302022457122	0.0340098480101019	0.0987456303423589	0.0987456303423589	sub-20966	ses-1				space-ACPC			DSIStudio	autotrackgqi
Cerebellum_SuperiorCerebellarPeduncle	ha	DSIStudio	/scratch/executivefunction/SLURM_8364170_114/job-8364170-114-sub-20966-ses-1/ds/inputs/data/qsiprep/qsiprep/sub-20966/ses-1/dwi/sub-20966_ses-1_space-ACPC_desc-preproc_dwi.nii.gz	0.0	1.1646307916317309	40.92260447774711	1.7732563614845276	1.1646307916317309	1.7732563614845276	40.92260447774711	0.4150519655702864	0.4150519655702864	sub-20966	ses-1				space-ACPC			DSIStudio	autotrackgqi
Cerebellum_SuperiorCerebellarPeduncle	iso	DSIStudio	/scratch/executivefunction/SLURM_8364170_114/job-8364170-114-sub-20966-ses-1/ds/inputs/data/qsiprep/qsiprep/sub-20966/ses-1/dwi/sub-20966_ses-1_space-ACPC_desc-preproc_dwi.nii.gz	0.0	0.4849094477785298	0.1115025826815952	0.4984483569860458	0.4849094477785298	0.4984483569860458	0.1115025826815952	0.4843002971885033	0.4843002971885033	sub-20966	ses-1				space-ACPC			DSIStudio	autotrackgqi
Cerebellum_SuperiorCerebellarPeduncle	md	DSIStudio	/scratch/executivefunction/SLURM_8364170_114/job-8364170-114-sub-20966-ses-1/ds/inputs/data/qsiprep/qsiprep/sub-20966/ses-1/dwi/sub-20966_ses-1_space-ACPC_desc-preproc_dwi.nii.gz	0.0	1.030456704062975	0.6257568769004502	0.754321813583374	1.030456704062975	0.754321813583374	0.6257568769004502	1.1135059925636397	1.1135059925636397	sub-20966	ses-1				space-ACPC			DSIStudio	autotrackgqi
Cerebellum_SuperiorCerebellarPeduncle	qa	DSIStudio	/scratch/executivefunction/SLURM_8364170_114/job-8364170-114-sub-20966-ses-1/ds/inputs/data/qsiprep/qsiprep/sub-20966/ses-1/dwi/sub-20966_ses-1_space-ACPC_desc-preproc_dwi.nii.gz	0.0	0.1672379594088649	0.0947945466008949	0.1432814672589302	0.1672379594088649	0.1432814672589302	0.0947945466008949	0.2289938497981697	0.2289938497981697	sub-20966	ses-1				space-ACPC			DSIStudio	autotrackgqi
Cerebellum_SuperiorCerebellarPeduncle	rd1	DSIStudio	/scratch/executivefunction/SLURM_8364170_114/job-8364170-114-sub-20966-ses-1/ds/inputs/data/qsiprep/qsiprep/sub-20966/ses-1/dwi/sub-20966_ses-1_space-ACPC_desc-preproc_dwi.nii.gz	0.0	0.9626279510284536	0.6281446840485149	0.7203909754753113	0.9626279510284536	0.7203909754753113	0.6281446840485149	0.9776182855769404	0.9776182855769404	sub-20966	ses-1				space-ACPC			DSIStudio	autotrackgqi
Cerebellum_SuperiorCerebellarPeduncle	rd2	DSIStudio	/scratch/executivefunction/SLURM_8364170_114/job-8364170-114-sub-20966-ses-1/ds/inputs/data/qsiprep/qsiprep/sub-20966/ses-1/dwi/sub-20966_ses-1_space-ACPC_desc-preproc_dwi.nii.gz	0.0	0.7529656163661241	0.5926483656559552	0.5296485126018524	0.7529656163661241	0.5296485126018524	0.5926483656559552	0.7689313464993641	0.7689313464993641	sub-20966	ses-1				space-ACPC			DSIStudio	autotrackgqi
Cerebellum_SuperiorCerebellarPeduncle	rd	DSIStudio	/scratch/executivefunction/SLURM_8364170_114/job-8364170-114-sub-20966-ses-1/ds/inputs/data/qsiprep/qsiprep/sub-20966/ses-1/dwi/sub-20966_ses-1_space-ACPC_desc-preproc_dwi.nii.gz	0.0	0.8577967828571185	0.6076308129113235	0.6151440739631653	0.8577967828571185	0.6151440739631653	0.6076308129113235	0.873274813528126	0.873274813528126	sub-20966	ses-1				space-ACPC			DSIStudio	autotrackgqi
Cerebellum_SuperiorCerebellarPeduncle	txx	DSIStudio	/scratch/executivefunction/SLURM_8364170_114/job-8364170-114-sub-20966-ses-1/ds/inputs/data/qsiprep/qsiprep/sub-20966/ses-1/dwi/sub-20966_ses-1_space-ACPC_desc-preproc_dwi.nii.gz	0.0	0.0009081236357788	0.0006174711345894	0.0006886876653879	0.0009081236357788	0.0006886876653879	0.0006174711345894	0.0009072158466823	0.0009072158466823	sub-20966	ses-1				space-ACPC			DSIStudio	autotrackgqi
Cerebellum_SuperiorCerebellarPeduncle	txy	DSIStudio	/scratch/executivefunction/SLURM_8364170_114/job-8364170-114-sub-20966-ses-1/ds/inputs/data/qsiprep/qsiprep/sub-20966/ses-1/dwi/sub-20966_ses-1_space-ACPC_desc-preproc_dwi.nii.gz	0.0	5.706849344122154e-07	0.0001267980876524	1.0950560636047155e-06	5.706849344122154e-07	1.0950560636047155e-06	0.0001267980876524	-5.5642044784758415e-06	-5.5642044784758415e-06	sub-20966	ses-1				space-ACPC			DSIStudio	autotrackgqi
Cerebellum_SuperiorCerebellarPeduncle	txz	DSIStudio	/scratch/executivefunction/SLURM_8364170_114/job-8364170-114-sub-20966-ses-1/ds/inputs/data/qsiprep/qsiprep/sub-20966/ses-1/dwi/sub-20966_ses-1_space-ACPC_desc-preproc_dwi.nii.gz	0.0	2.621421826521395e-06	0.0001204536780953	4.69350857201789e-06	2.621421826521395e-06	4.69350857201789e-06	0.0001204536780953	7.1808852297655406e-06	7.1808852297655406e-06	sub-20966	ses-1				space-ACPC			DSIStudio	autotrackgqi
Cerebellum_SuperiorCerebellarPeduncle	tyy	DSIStudio	/scratch/executivefunction/SLURM_8364170_114/job-8364170-114-sub-20966-ses-1/ds/inputs/data/qsiprep/qsiprep/sub-20966/ses-1/dwi/sub-20966_ses-1_space-ACPC_desc-preproc_dwi.nii.gz	0.0	0.0011225426868407	0.0006620915395249	0.0008785772079136	0.0011225426868407	0.0008785772079136	0.0006620915395249	0.0012922461975933	0.0012922461975933	sub-20966	ses-1				space-ACPC			DSIStudio	autotrackgqi
Cerebellum_SuperiorCerebellarPeduncle	tyz	DSIStudio	/scratch/executivefunction/SLURM_8364170_114/job-8364170-114-sub-20966-ses-1/ds/inputs/data/qsiprep/qsiprep/sub-20966/ses-1/dwi/sub-20966_ses-1_space-ACPC_desc-preproc_dwi.nii.gz	0.0	-9.711487327594988e-05	0.0001950080219352	-7.624995487276465e-05	-9.711487327594988e-05	-7.624995487276465e-05	0.0001950080219352	-0.0002187755224994	-0.0002187755224994	sub-20966	ses-1				space-ACPC			DSIStudio	autotrackgqi
Cerebellum_SuperiorCerebellarPeduncle	tzz	DSIStudio	/scratch/executivefunction/SLURM_8364170_114/job-8364170-114-sub-20966-ses-1/ds/inputs/data/qsiprep/qsiprep/sub-20966/ses-1/dwi/sub-20966_ses-1_space-ACPC_desc-preproc_dwi.nii.gz	0.0	0.0010607037902419	0.0006652052398003	0.000801287475042	0.0010607037902419	0.000801287475042	0.0006652052398003	0.001141055933725	0.001141055933725	sub-20966	ses-1				space-ACPC			DSIStudio	autotrackgqi
Cerebellum_InferiorCerebellarPeduncleR	ad	DSIStudio	/scratch/executivefunction/SLURM_8364170_114/job-8364170-114-sub-20966-ses-1/ds/inputs/data/qsiprep/qsiprep/sub-20966/ses-1/dwi/sub-20966_ses-1_space-ACPC_desc-preproc_dwi.nii.gz	0.0067773636055574	1.168107576832372	0.5180859765510202	1.0164952278137207	1.176078287012054	1.01831316947937	0.5107547807037822	1.2119900934525578	1.2149019965545709	sub-20966	ses-1				space-ACPC			DSIStudio	autotrackgqi
Cerebellum_InferiorCerebellarPeduncleR	dti_fa	DSIStudio	/scratch/executivefunction/SLURM_8364170_114/job-8364170-114-sub-20966-ses-1/ds/inputs/data/qsiprep/qsiprep/sub-20966/ses-1/dwi/sub-20966_ses-1_space-ACPC_desc-preproc_dwi.nii.gz	0.0067773636055574	0.3248925865269624	0.1713026942273703	0.2882474958896637	0.3271095267284429	0.2898269891738891	0.1697635619778424	0.3928752298042203	0.3938191439893642	sub-20966	ses-1				space-ACPC			DSIStudio	autotrackgqi
Cerebellum_InferiorCerebellarPeduncleR	gfa	DSIStudio	/scratch/executivefunction/SLURM_8364170_114/job-8364170-114-sub-20966-ses-1/ds/inputs/data/qsiprep/qsiprep/sub-20966/ses-1/dwi/sub-20966_ses-1_space-ACPC_desc-preproc_dwi.nii.gz	0.0067773636055574	0.0659527067137331	0.0344681060165597	0.0565238520503044	0.0664027422423153	0.0566874109208583	0.034150747150305	0.0798558592814027	0.080047719376091	sub-20966	ses-1				space-ACPC			DSIStudio	autotrackgqi
Cerebellum_InferiorCerebellarPeduncleR	ha	DSIStudio	/scratch/executivefunction/SLURM_8364170_114/job-8364170-114-sub-20966-ses-1/ds/inputs/data/qsiprep/qsiprep/sub-20966/ses-1/dwi/sub-20966_ses-1_space-ACPC_desc-preproc_dwi.nii.gz	0.0067773636055574	-11.860883068287022	44.13730814834055	-21.47351455688477	-11.941817104918115	-22.0463924407959	44.27672705385079	-9.696462533814104	-9.719759036593164	sub-20966	ses-1				space-ACPC			DSIStudio	autotrackgqi
Cerebellum_InferiorCerebellarPeduncleR	iso	DSIStudio	/scratch/executivefunction/SLURM_8364170_114/job-8364170-114-sub-20966-ses-1/ds/inputs/data/qsiprep/qsiprep/sub-20966/ses-1/dwi/sub-20966_ses-1_space-ACPC_desc-preproc_dwi.nii.gz	0.0067773636055574	0.5668138698780463	0.1566153769398381	0.5699414014816284	0.5706815864927037	0.5710505247116089	0.1499617074669357	0.5508572175353041	0.5521806961972798	sub-20966	ses-1				space-ACPC			DSIStudio	autotrackgqi
Cerebellum_InferiorCerebellarPeduncleR	md	DSIStudio	/scratch/executivefunction/SLURM_8364170_114/job-8364170-114-sub-20966-ses-1/ds/inputs/data/qsiprep/qsiprep/sub-20966/ses-1/dwi/sub-20966_ses-1_space-ACPC_desc-preproc_dwi.nii.gz	0.0067773636055574	0.8671784494659207	0.440880071261245	0.7314462661743164	0.8730957367362443	0.7326774597167969	0.4365034017035379	0.8422974143735108	0.8443211012104426	sub-20966	ses-1				space-ACPC			DSIStudio	autotrackgqi
Cerebellum_InferiorCerebellarPeduncleR	qa	DSIStudio	/scratch/executivefunction/SLURM_8364170_114/job-8364170-114-sub-20966-ses-1/ds/inputs/data/qsiprep/qsiprep/sub-20966/ses-1/dwi/sub-20966_ses-1_space-ACPC_desc-preproc_dwi.nii.gz	0.0067773636055574	0.1583563022194629	0.0831574864747002	0.1383809149265289	0.1594368638176851	0.139076828956604	0.0824018968759384	0.1927320855778651	0.1931951398687059	sub-20966	ses-1				space-ACPC			DSIStudio	autotrackgqi
Cerebellum_InferiorCerebellarPeduncleR	rd1	DSIStudio	/scratch/executivefunction/SLURM_8364170_114/job-8364170-114-sub-20966-ses-1/ds/inputs/data/qsiprep/qsiprep/sub-20966/ses-1/dwi/sub-20966_ses-1_space-ACPC_desc-preproc_dwi.nii.gz	0.0067773636055574	0.8006631620341905	0.4425102541518618	0.6895517706871033	0.8061265749446933	0.6912221908569336	0.4390299420788089	0.7484254709096791	0.7502236228915979	sub-20966	ses-1				space-ACPC			DSIStudio	autotrackgqi
Cerebellum_InferiorCerebellarPeduncleR	rd2	DSIStudio	/scratch/executivefunction/SLURM_8364170_114/job-8364170-114-sub-20966-ses-1/ds/inputs/data/qsiprep/qsiprep/sub-20966/ses-1/dwi/sub-20966_ses-1_space-ACPC_desc-preproc_dwi.nii.gz	0.0067773636055574	0.6327646072494433	0.4222966564488534	0.5323705077171326	0.6370823459546595	0.5342625975608826	0.4204766292373967	0.5664766802793753	0.5678376857098932	sub-20966	ses-1				space-ACPC			DSIStudio	autotrackgqi
Cerebellum_InferiorCerebellarPeduncleR	rd	DSIStudio	/scratch/executivefunction/SLURM_8364170_114/job-8364170-114-sub-20966-ses-1/ds/inputs/data/qsiprep/qsiprep/sub-20966/ses-1/dwi/sub-20966_ses-1_space-ACPC_desc-preproc_dwi.nii.gz	0.0067773636055574	0.7167138845910059	0.4291927392857239	0.6045060157775879	0.7216044603985188	0.6057798862457275	0.4265375701690904	0.6574510757508266	0.6590306544574205	sub-20966	ses-1				space-ACPC			DSIStudio	autotrackgqi
Cerebellum_InferiorCerebellarPeduncleR	txx	DSIStudio	/scratch/executivefunction/SLURM_8364170_114/job-8364170-114-sub-20966-ses-1/ds/inputs/data/qsiprep/qsiprep/sub-20966/ses-1/dwi/sub-20966_ses-1_space-ACPC_desc-preproc_dwi.nii.gz	0.0067773636055574	0.0007934118289897	0.0004646098628615	0.0006809879560023	0.0007988257616338	0.0006831233622506	0.0004615306014238	0.0007256305761997	0.0007273739615732	sub-20966	ses-1				space-ACPC			DSIStudio	autotrackgqi
Cerebellum_InferiorCerebellarPeduncleR	txy	DSIStudio	/scratch/executivefunction/SLURM_8364170_114/job-8364170-114-sub-20966-ses-1/ds/inputs/data/qsiprep/qsiprep/sub-20966/ses-1/dwi/sub-20966_ses-1_space-ACPC_desc-preproc_dwi.nii.gz	0.0067773636055574	9.913699979581723e-06	0.0001155027348195	1.793484807421919e-05	9.98134719882145e-06	1.8936540072900243e-05	0.0001158932246095	8.069839505437755e-06	8.08922787378376e-06	sub-20966	ses-1				space-ACPC			DSIStudio	autotrackgqi
Cerebellum_InferiorCerebellarPeduncleR	txz	DSIStudio	/scratch/executivefunction/SLURM_8364170_114/job-8364170-114-sub-20966-ses-1/ds/inputs/data/qsiprep/qsiprep/sub-20966/ses-1/dwi/sub-20966_ses-1_space-ACPC_desc-preproc_dwi.nii.gz	0.0067773636055574	4.218139520845552e-05	0.0001011226587955	4.611057374859229e-05	4.2469224585517646e-05	4.671558417612687e-05	0.0001014068293836	4.366815585511128e-05	4.377307201487798e-05	sub-20966	ses-1				space-ACPC			DSIStudio	autotrackgqi
Cerebellum_InferiorCerebellarPeduncleR	tyy	DSIStudio	/scratch/executivefunction/SLURM_8364170_114/job-8364170-114-sub-20966-ses-1/ds/inputs/data/qsiprep/qsiprep/sub-20966/ses-1/dwi/sub-20966_ses-1_space-ACPC_desc-preproc_dwi.nii.gz	0.0067773636055574	0.0008886878386026	0.0004571225445719	0.00077014247654	0.0008947518975491	0.0007717430125921	0.0004527262538804	0.0008686197915851	0.000870706720197	sub-20966	ses-1				space-ACPC			DSIStudio	autotrackgqi
Cerebellum_InferiorCerebellarPeduncleR	tyz	DSIStudio	/scratch/executivefunction/SLURM_8364170_114/job-8364170-114-sub-20966-ses-1/ds/inputs/data/qsiprep/qsiprep/sub-20966/ses-1/dwi/sub-20966_ses-1_space-ACPC_desc-preproc_dwi.nii.gz	0.0067773636055574	1.9988752530786792e-05	0.0001610111799477	2.582228626124561e-05	2.01251479762374e-05	2.6302494006813504e-05	0.0001615510892623	4.772735809926498e-05	4.784202685465921e-05	sub-20966	ses-1				space-ACPC			DSIStudio	autotrackgqi
Cerebellum_InferiorCerebellarPeduncleR	tzz	DSIStudio	/scratch/executivefunction/SLURM_8364170_114/job-8364170-114-sub-20966-ses-1/ds/inputs/data/qsiprep/qsiprep/sub-20966/ses-1/dwi/sub-20966_ses-1_space-ACPC_desc-preproc_dwi.nii.gz	0.0067773636055574	0.0009194356795574	0.0005054703380073	0.0007908319239504	0.0009257095497693	0.0007926552207209	0.0005014338591516	0.0009326418756399	0.0009348826221661	sub-20966	ses-1				space-ACPC			DSIStudio	autotrackgqi
Cerebellum_MiddleCerebellarPeduncle	ad	DSIStudio	/scratch/executivefunction/SLURM_8364170_114/job-8364170-114-sub-20966-ses-1/ds/inputs/data/qsiprep/qsiprep/sub-20966/ses-1/dwi/sub-20966_ses-1_space-ACPC_desc-preproc_dwi.nii.gz	0.000897021887334	1.129929338539421	0.5057907127321841	0.9696866869926452	1.1309438198992157	0.9698746800422668	0.5048827682169127	1.2740480207095812	1.274116826448204	sub-20966	ses-1				space-ACPC			DSIStudio	autotrackgqi
Cerebellum_MiddleCerebellarPeduncle	dti_fa	DSIStudio	/scratch/executivefunction/SLURM_8364170_114/job-8364170-114-sub-20966-ses-1/ds/inputs/data/qsiprep/qsiprep/sub-20966/ses-1/dwi/sub-20966_ses-1_space-ACPC_desc-preproc_dwi.nii.gz	0.000897021887334	0.3315829259440688	0.1739058726603727	0.2814933806657791	0.3318806301332805	0.2816847711801529	0.173699751031382	0.4316409400920634	0.4316642508074695	sub-20966	ses-1				space-ACPC			DSIStudio	autotrackgqi
Cerebellum_MiddleCerebellarPeduncle	gfa	DSIStudio	/scratch/executivefunction/SLURM_8364170_114/job-8364170-114-sub-20966-ses-1/ds/inputs/data/qsiprep/qsiprep/sub-20966/ses-1/dwi/sub-20966_ses-1_space-ACPC_desc-preproc_dwi.nii.gz	0.000897021887334	0.0665016739508407	0.0358509963140977	0.0537738110870122	0.0665613809664188	0.0538428612053394	0.0358116423420395	0.0888610430581816	0.0888658420168659	sub-20966	ses-1				space-ACPC			DSIStudio	autotrackgqi
Cerebellum_MiddleCerebellarPeduncle	ha	DSIStudio	/scratch/executivefunction/SLURM_8364170_114/job-8364170-114-sub-20966-ses-1/ds/inputs/data/qsiprep/qsiprep/sub-20966/ses-1/dwi/sub-20966_ses-1_space-ACPC_desc-preproc_dwi.nii.gz	0.000897021887334	-2.070145422065042	36.30749579338295	-1.665880262851715	-2.0720040550530694	-1.7138534784317017	36.32373805563333	-5.573716100163516	-5.57401709838372	sub-20966	ses-1				space-ACPC			DSIStudio	autotrackgqi
Cerebellum_MiddleCerebellarPeduncle	iso	DSIStudio	/scratch/executivefunction/SLURM_8364170_114/job-8364170-114-sub-20966-ses-1/ds/inputs/data/qsiprep/qsiprep/sub-20966/ses-1/dwi/sub-20966_ses-1_space-ACPC_desc-preproc_dwi.nii.gz	0.000897021887334	0.6048470061481404	0.1717108619379313	0.6018748879432678	0.6053900542772014	0.6022290289402008	0.1708283824976554	0.532539720911317	0.532568480554439	sub-20966	ses-1				space-ACPC			DSIStudio	autotrackgqi
Cerebellum_MiddleCerebellarPeduncle	md	DSIStudio	/scratch/executivefunction/SLURM_8364170_114/job-8364170-114-sub-20966-ses-1/ds/inputs/data/qsiprep/qsiprep/sub-20966/ses-1/dwi/sub-20966_ses-1_space-ACPC_desc-preproc_dwi.nii.gz	0.000897021887334	0.8334459778861115	0.4256853621480485	0.7050149738788605	0.8341942684031577	0.7051540613174438	0.4251429187852028	0.866129320762783	0.8661760966728229	sub-20966	ses-1				space-ACPC			DSIStudio	autotrackgqi
Cerebellum_MiddleCerebellarPeduncle	qa	DSIStudio	/scratch/executivefunction/SLURM_8364170_114/job-8364170-114-sub-20966-ses-1/ds/inputs/data/qsiprep/qsiprep/sub-20966/ses-1/dwi/sub-20966_ses-1_space-ACPC_desc-preproc_dwi.nii.gz	0.000897021887334	0.1671993449374147	0.0874081088422	0.1421920135617256	0.1673494610668252	0.142312191426754	0.0873035806689713	0.2106366165445803	0.2106479919998015	sub-20966	ses-1				space-ACPC			DSIStudio	autotrackgqi
Cerebellum_MiddleCerebellarPeduncle	rd1	DSIStudio	/scratch/executivefunction/SLURM_8364170_114/job-8364170-114-sub-20966-ses-1/ds/inputs/data/qsiprep/qsiprep/sub-20966/ses-1/dwi/sub-20966_ses-1_space-ACPC_desc-preproc_dwi.nii.gz	0.000897021887334	0.7713869622436355	0.4296646303436028	0.6720126867294312	0.7720795344848311	0.6721777617931366	0.429235044149777	0.7634429065365929	0.7634841367138504	sub-20966	ses-1				space-ACPC			DSIStudio	autotrackgqi
Cerebellum_MiddleCerebellarPeduncle	rd2	DSIStudio	/scratch/executivefunction/SLURM_8364170_114/job-8364170-114-sub-20966-ses-1/ds/inputs/data/qsiprep/qsiprep/sub-20966/ses-1/dwi/sub-20966_ses-1_space-ACPC_desc-preproc_dwi.nii.gz	0.000897021887334	0.5990216328518864	0.4057648368461073	0.5197926163673401	0.5995594508020138	0.5201616883277893	0.4055495923400156	0.5608970363806168	0.5609273281949281	sub-20966	ses-1				space-ACPC			DSIStudio	autotrackgqi
Cerebellum_MiddleCerebellarPeduncle	rd	DSIStudio	/scratch/executivefunction/SLURM_8364170_114/job-8364170-114-sub-20966-ses-1/ds/inputs/data/qsiprep/qsiprep/sub-20966/ses-1/dwi/sub-20966_ses-1_space-ACPC_desc-preproc_dwi.nii.gz	0.000897021887334	0.6852042976406593	0.4137094503074802	0.5917201340198517	0.6858194927364042	0.5918453335762024	0.4133851286231868	0.6621699720995745	0.6622057330953933	sub-20966	ses-1				space-ACPC			DSIStudio	autotrackgqi
Cerebellum_MiddleCerebellarPeduncle	txx	DSIStudio	/scratch/executivefunction/SLURM_8364170_114/job-8364170-114-sub-20966-ses-1/ds/inputs/data/qsiprep/qsiprep/sub-20966/ses-1/dwi/sub-20966_ses-1_space-ACPC_desc-preproc_dwi.nii.gz	0.000897021887334	0.0008270429788166	0.0004514719760606	0.0007131414022296	0.0008277855205466	0.0007133549661375	0.0004509936598921	0.0008264049995247	0.0008264496300295	sub-20966	ses-1				space-ACPC			DSIStudio	autotrackgqi
Cerebellum_MiddleCerebellarPeduncle	txy	DSIStudio	/scratch/executivefunction/SLURM_8364170_114/job-8364170-114-sub-20966-ses-1/ds/inputs/data/qsiprep/qsiprep/sub-20966/ses-1/dwi/sub-20966_ses-1_space-ACPC_desc-preproc_dwi.nii.gz	0.000897021887334	6.055183618777328e-07	0.0001537499463585	-3.2410462154075503e-06	6.060620127682676e-07	-3.337683438076056e-06	0.0001538189502487	4.91345922169965e-07	4.913723956050441e-07	sub-20966	ses-1				space-ACPC			DSIStudio	autotrackgqi
Cerebellum_MiddleCerebellarPeduncle	txz	DSIStudio	/scratch/executivefunction/SLURM_8364170_114/job-8364170-114-sub-20966-ses-1/ds/inputs/data/qsiprep/qsiprep/sub-20966/ses-1/dwi/sub-20966_ses-1_space-ACPC_desc-preproc_dwi.nii.gz	0.000897021887334	6.839209961178653e-06	0.0001073289045857	6.07027664045745e-06	6.845350390305228e-06	6.165974127725349e-06	0.0001073768794559	1.3971140377874552e-05	1.3971894880478415e-05	sub-20966	ses-1				space-ACPC			DSIStudio	autotrackgqi
Cerebellum_MiddleCerebellarPeduncle	tyy	DSIStudio	/scratch/executivefunction/SLURM_8364170_114/job-8364170-114-sub-20966-ses-1/ds/inputs/data/qsiprep/qsiprep/sub-20966/ses-1/dwi/sub-20966_ses-1_space-ACPC_desc-preproc_dwi.nii.gz	0.000897021887334	0.0008770602354801	0.0004777287139952	0.0007485331734642	0.0008778476840665	0.0007488352421205	0.0004772194156109	0.0009969958131617	0.0009970496566974	sub-20966	ses-1				space-ACPC			DSIStudio	autotrackgqi
Cerebellum_MiddleCerebellarPeduncle	tyz	DSIStudio	/scratch/executivefunction/SLURM_8364170_114/job-8364170-114-sub-20966-ses-1/ds/inputs/data/qsiprep/qsiprep/sub-20966/ses-1/dwi/sub-20966_ses-1_space-ACPC_desc-preproc_dwi.nii.gz	0.000897021887334	1.1528231026453912e-05	0.0001431472397175	2.245012819912517e-05	1.1538581386506394e-05	2.253942056995584e-05	0.0001432110690811	3.757005084270464e-05	3.757207972139712e-05	sub-20966	ses-1				space-ACPC			DSIStudio	autotrackgqi
Cerebellum_MiddleCerebellarPeduncle	tzz	DSIStudio	/scratch/executivefunction/SLURM_8364170_114/job-8364170-114-sub-20966-ses-1/ds/inputs/data/qsiprep/qsiprep/sub-20966/ses-1/dwi/sub-20966_ses-1_space-ACPC_desc-preproc_dwi.nii.gz	0.000897021887334	0.0007962347192836	0.0004524936960027	0.0006986764201428	0.0007969496005184	0.0006992876005824	0.0004520670870877	0.0007749871504182	0.0007750290041079	sub-20966	ses-1				space-ACPC			DSIStudio	autotrackgqi
CranialNerve_CNIIIL	ad	DSIStudio	/scratch/executivefunction/SLURM_8364170_114/job-8364170-114-sub-20966-ses-1/ds/inputs/data/qsiprep/qsiprep/sub-20966/ses-1/dwi/sub-20966_ses-1_space-ACPC_desc-preproc_dwi.nii.gz	0.0	1.684815686973021	0.8270997393373624	1.3623341917991638	1.684815686973021	1.3623341917991638	0.8270997393373624	1.4371485680032785	1.4371485680032785	sub-20966	ses-1				space-ACPC			DSIStudio	autotrackgqi
CranialNerve_CNIIIL	dti_fa	DSIStudio	/scratch/executivefunction/SLURM_8364170_114/job-8364170-114-sub-20966-ses-1/ds/inputs/data/qsiprep/qsiprep/sub-20966/ses-1/dwi/sub-20966_ses-1_space-ACPC_desc-preproc_dwi.nii.gz	0.0	0.3242350514619586	0.1735442146003319	0.2819061428308487	0.3242350514619586	0.2819061428308487	0.1735442146003319	0.3447900527002274	0.3447900527002274	sub-20966	ses-1				space-ACPC			DSIStudio	autotrackgqi
CranialNerve_CNIIIL	gfa	DSIStudio	/scratch/executivefunction/SLURM_8364170_114/job-8364170-114-sub-20966-ses-1/ds/inputs/data/qsiprep/qsiprep/sub-20966/ses-1/dwi/sub-20966_ses-1_space-ACPC_desc-preproc_dwi.nii.gz	0.0	0.0805046830605217	0.0390900333538269	0.0735103338956832	0.0805046830605217	0.0735103338956832	0.0390900333538269	0.079412413621546	0.079412413621546	sub-20966	ses-1				space-ACPC			DSIStudio	autotrackgqi
CranialNerve_CNIIIL	ha	DSIStudio	/scratch/executivefunction/SLURM_8364170_114/job-8364170-114-sub-20966-ses-1/ds/inputs/data/qsiprep/qsiprep/sub-20966/ses-1/dwi/sub-20966_ses-1_space-ACPC_desc-preproc_dwi.nii.gz	0.0	3.762209115480197	41.60163642516768	7.479099273681641	3.762209115480197	7.479099273681641	41.60163642516768	4.03928426806894	4.03928426806894	sub-20966	ses-1				space-ACPC			DSIStudio	autotrackgqi
CranialNerve_CNIIIL	iso	DSIStudio	/scratch/executivefunction/SLURM_8364170_114/job-8364170-114-sub-20966-ses-1/ds/inputs/data/qsiprep/qsiprep/sub-20966/ses-1/dwi/sub-20966_ses-1_space-ACPC_desc-preproc_dwi.nii.gz	0.0	0.4449329005086167	0.1305105674544932	0.4825243949890136	0.4449329005086167	0.4825243949890136	0.1305105674544932	0.4885866264372132	0.4885866264372132	sub-20966	ses-1				space-ACPC			DSIStudio	autotrackgqi
CranialNerve_CNIIIL	md	DSIStudio	/scratch/executivefunction/SLURM_8364170_114/job-8364170-114-sub-20966-ses-1/ds/inputs/data/qsiprep/qsiprep/sub-20966/ses-1/dwi/sub-20966_ses-1_space-ACPC_desc-preproc_dwi.nii.gz	0.0	1.2794950053016132	0.7372053453550628	0.902423769235611	1.2794950053016132	0.902423769235611	0.7372053453550628	1.065780267425045	1.065780267425045	sub-20966	ses-1				space-ACPC			DSIStudio	autotrackgqi
CranialNerve_CNIIIL	qa	DSIStudio	/scratch/executivefunction/SLURM_8364170_114/job-8364170-114-sub-20966-ses-1/ds/inputs/data/qsiprep/qsiprep/sub-20966/ses-1/dwi/sub-20966_ses-1_space-ACPC_desc-preproc_dwi.nii.gz	0.0	0.1681281671894186	0.1130522732193721	0.138879120349884	0.1681281671894186	0.138879120349884	0.1130522732193721	0.17621241602571	0.17621241602571	sub-20966	ses-1				space-ACPC			DSIStudio	autotrackgqi
CranialNerve_CNIIIL	rd1	DSIStudio	/scratch/executivefunction/SLURM_8364170_114/job-8364170-114-sub-20966-ses-1/ds/inputs/data/qsiprep/qsiprep/sub-20966/ses-1/dwi/sub-20966_ses-1_space-ACPC_desc-preproc_dwi.nii.gz	0.0	1.1893764205157438	0.7487265286324202	0.8231759071350098	1.1893764205157438	0.8231759071350098	0.7487265286324202	0.987864872914898	0.987864872914898	sub-20966	ses-1				space-ACPC			DSIStudio	autotrackgqi
CranialNerve_CNIIIL	rd2	DSIStudio	/scratch/executivefunction/SLURM_8364170_114/job-8364170-114-sub-20966-ses-1/ds/inputs/data/qsiprep/qsiprep/sub-20966/ses-1/dwi/sub-20966_ses-1_space-ACPC_desc-preproc_dwi.nii.gz	0.0	0.964292908894187	0.6957503897276266	0.6549154818058014	0.964292908894187	0.6549154818058014	0.6957503897276266	0.7723273633458823	0.7723273633458823	sub-20966	ses-1				space-ACPC			DSIStudio	autotrackgqi
CranialNerve_CNIIIL	rd	DSIStudio	/scratch/executivefunction/SLURM_8364170_114/job-8364170-114-sub-20966-ses-1/ds/inputs/data/qsiprep/qsiprep/sub-20966/ses-1/dwi/sub-20966_ses-1_space-ACPC_desc-preproc_dwi.nii.gz	0.0	1.076834665382291	0.7191528055075096	0.7321792840957642	1.076834665382291	0.7321792840957642	0.7191528055075096	0.8800961220127169	0.8800961220127169	sub-20966	ses-1				space-ACPC			DSIStudio	autotrackgqi
CranialNerve_CNIIIL	txx	DSIStudio	/scratch/executivefunction/SLURM_8364170_114/job-8364170-114-sub-20966-ses-1/ds/inputs/data/qsiprep/qsiprep/sub-20966/ses-1/dwi/sub-20966_ses-1_space-ACPC_desc-preproc_dwi.nii.gz	0.0	0.0011264499665809	0.0007426819052044	0.000811780540971	0.0011264499665809	0.000811780540971	0.0007426819052044	0.0008793244382347	0.0008793244382347	sub-20966	ses-1				space-ACPC			DSIStudio	autotrackgqi
CranialNerve_CNIIIL	txy	DSIStudio	/scratch/executivefunction/SLURM_8364170_114/job-8364170-114-sub-20966-ses-1/ds/inputs/data/qsiprep/qsiprep/sub-20966/ses-1/dwi/sub-20966_ses-1_space-ACPC_desc-preproc_dwi.nii.gz	0.0	-1.644366706800805e-05	0.0001263907701635	-4.307438757678028e-06	-1.644366706800805e-05	-4.307438757678028e-06	0.0001263907701635	1.314370627571955e-06	1.314370627571955e-06	sub-20966	ses-1				space-ACPC			DSIStudio	autotrackgqi
CranialNerve_CNIIIL	txz	DSIStudio	/scratch/executivefunction/SLURM_8364170_114/job-8364170-114-sub-20966-ses-1/ds/inputs/data/qsiprep/qsiprep/sub-20966/ses-1/dwi/sub-20966_ses-1_space-ACPC_desc-preproc_dwi.nii.gz	0.0	9.984102701512494e-06	0.0001260573518974	1.2555832199723229e-05	9.984102701512494e-06	1.2555832199723229e-05	0.0001260573518974	2.7026274748907024e-05	2.7026274748907024e-05	sub-20966	ses-1				space-ACPC			DSIStudio	autotrackgqi
CranialNerve_CNIIIL	tyy	DSIStudio	/scratch/executivefunction/SLURM_8364170_114/job-8364170-114-sub-20966-ses-1/ds/inputs/data/qsiprep/qsiprep/sub-20966/ses-1/dwi/sub-20966_ses-1_space-ACPC_desc-preproc_dwi.nii.gz	0.0	0.0013797579697061	0.000754722756825	0.0010810271487571	0.0013797579697061	0.0010810271487571	0.000754722756825	0.0012128856479682	0.0012128856479682	sub-20966	ses-1				space-ACPC			DSIStudio	autotrackgqi
CranialNerve_CNIIIL	tyz	DSIStudio	/scratch/executivefunction/SLURM_8364170_114/job-8364170-114-sub-20966-ses-1/ds/inputs/data/qsiprep/qsiprep/sub-20966/ses-1/dwi/sub-20966_ses-1_space-ACPC_desc-preproc_dwi.nii.gz	0.0	-0.0001024942520693	0.0002611739739468	-8.027327930903994e-05	-0.0001024942520693	-8.027327930903994e-05	0.0002611739739468	-0.0001009360780848	-0.0001009360780848	sub-20966	ses-1				space-ACPC			DSIStudio	autotrackgqi
CranialNerve_CNIIIL	tzz	DSIStudio	/scratch/executivefunction/SLURM_8364170_114/job-8364170-114-sub-20966-ses-1/ds/inputs/data/qsiprep/qsiprep/sub-20966/ses-1/dwi/sub-20966_ses-1_space-ACPC_desc-preproc_dwi.nii.gz	0.0	0.0013322770819043	0.000788139696683	0.0010097417398355	0.0013322770819043	0.0010097417398355	0.000788139696683	0.0011051307253545	0.0011051307253545	sub-20966	ses-1				space-ACPC			DSIStudio	autotrackgqi
CranialNerve_CNVIIR	ad	DSIStudio	/scratch/executivefunction/SLURM_8364170_114/job-8364170-114-sub-20966-ses-1/ds/inputs/data/qsiprep/qsiprep/sub-20966/ses-1/dwi/sub-20966_ses-1_space-ACPC_desc-preproc_dwi.nii.gz	0.0	1.5367667594904542	0.7050365694474896	1.337738573551178	1.5367667594904542	1.337738573551178	0.7050365694474896	1.634008673980126	1.6340088586181842	sub-20966	ses-1				space-ACPC			DSIStudio	autotrackgqi
CranialNerve_CNVIIR	dti_fa	DSIStudio	/scratch/executivefunction/SLURM_8364170_114/job-8364170-114-sub-20966-ses-1/ds/inputs/data/qsiprep/qsiprep/sub-20966/ses-1/dwi/sub-20966_ses-1_space-ACPC_desc-preproc_dwi.nii.gz	0.0	0.3009511767736366	0.1604877625244113	0.2614068239927292	0.3009511767736366	0.2614068239927292	0.1604877625244113	0.2831198929885528	0.2831199248375293	sub-20966	ses-1				space-ACPC			DSIStudio	autotrackgqi
CranialNerve_CNVIIR	gfa	DSIStudio	/scratch/executivefunction/SLURM_8364170_114/job-8364170-114-sub-20966-ses-1/ds/inputs/data/qsiprep/qsiprep/sub-20966/ses-1/dwi/sub-20966_ses-1_space-ACPC_desc-preproc_dwi.nii.gz	0.0	0.0720768847192327	0.034317517058948	0.062558302655816	0.0720768847192327	0.062558302655816	0.034317517058948	0.0725025638898342	0.0725025720216497	sub-20966	ses-1				space-ACPC			DSIStudio	autotrackgqi
CranialNerve_CNVIIR	ha	DSIStudio	/scratch/executivefunction/SLURM_8364170_114/job-8364170-114-sub-20966-ses-1/ds/inputs/data/qsiprep/qsiprep/sub-20966/ses-1/dwi/sub-20966_ses-1_space-ACPC_desc-preproc_dwi.nii.gz	0.0	-2.924745478276764	39.6128064402577	1.605862736701965	-2.924745478276764	1.605862736701965	39.6128064402577	-1.1608544751186909	-1.1608545270607262	sub-20966	ses-1				space-ACPC			DSIStudio	autotrackgqi
CranialNerve_CNVIIR	iso	DSIStudio	/scratch/executivefunction/SLURM_8364170_114/job-8364170-114-sub-20966-ses-1/ds/inputs/data/qsiprep/qsiprep/sub-20966/ses-1/dwi/sub-20966_ses-1_space-ACPC_desc-preproc_dwi.nii.gz	0.0	0.4697604702525241	0.1418364105276973	0.4824821203947067	0.4697604702525241	0.4824821203947067	0.1418364105276973	0.4415897086305431	0.4415897582905604	sub-20966	ses-1				space-ACPC			DSIStudio	autotrackgqi
CranialNerve_CNVIIR	md	DSIStudio	/scratch/executivefunction/SLURM_8364170_114/job-8364170-114-sub-20966-ses-1/ds/inputs/data/qsiprep/qsiprep/sub-20966/ses-1/dwi/sub-20966_ses-1_space-ACPC_desc-preproc_dwi.nii.gz	0.0	1.1824343363123555	0.6208625239262088	0.9700425863265992	1.1824343363123555	0.9700425863265992	0.6208625239262088	1.27239899481482	1.2723991388147835	sub-20966	ses-1				space-ACPC			DSIStudio	autotrackgqi
CranialNerve_CNVIIR	qa	DSIStudio	/scratch/executivefunction/SLURM_8364170_114/job-8364170-114-sub-20966-ses-1/ds/inputs/data/qsiprep/qsiprep/sub-20966/ses-1/dwi/sub-20966_ses-1_space-ACPC_desc-preproc_dwi.nii.gz	0.0	0.1500995222388977	0.0849502252964059	0.1237916685640811	0.1500995222388977	0.1237916685640811	0.0849502252964059	0.1450432620354211	0.1450432783045959	sub-20966	ses-1				space-ACPC			DSIStudio	autotrackgqi
CranialNerve_CNVIIR	rd1	DSIStudio	/scratch/executivefunction/SLURM_8364170_114/job-8364170-114-sub-20966-ses-1/ds/inputs/data/qsiprep/qsiprep/sub-20966/ses-1/dwi/sub-20966_ses-1_space-ACPC_desc-preproc_dwi.nii.gz	0.0	1.1033419070224608	0.6107480921012121	0.8942802846431732	1.1033419070224608	0.8942802846431732	0.6107480921012121	1.1910885483561682	1.1910886833359164	sub-20966	ses-1				space-ACPC			DSIStudio	autotrackgqi
CranialNerve_CNVIIR	rd2	DSIStudio	/scratch/executivefunction/SLURM_8364170_114/job-8364170-114-sub-20966-ses-1/ds/inputs/data/qsiprep/qsiprep/sub-20966/ses-1/dwi/sub-20966_ses-1_space-ACPC_desc-preproc_dwi.nii.gz	0.0	0.9071943542935076	0.5916887428531223	0.7361232936382294	0.9071943542935076	0.7361232936382294	0.5916887428531223	0.9920997855010996	0.9920998978831864	sub-20966	ses-1				space-ACPC			DSIStudio	autotrackgqi
CranialNerve_CNVIIR	rd	DSIStudio	/scratch/executivefunction/SLURM_8364170_114/job-8364170-114-sub-20966-ses-1/ds/inputs/data/qsiprep/qsiprep/sub-20966/ses-1/dwi/sub-20966_ses-1_space-ACPC_desc-preproc_dwi.nii.gz	0.0	1.0052681301309858	0.597328117058037	0.8291966617107391	1.0052681301309858	0.8291966617107391	0.597328117058037	1.0915941607744537	1.0915942844553703	sub-20966	ses-1				space-ACPC			DSIStudio	autotrackgqi
CranialNerve_CNVIIR	txx	DSIStudio	/scratch/executivefunction/SLURM_8364170_114/job-8364170-114-sub-20966-ses-1/ds/inputs/data/qsiprep/qsiprep/sub-20966/ses-1/dwi/sub-20966_ses-1_space-ACPC_desc-preproc_dwi.nii.gz	0.0	0.0011629282864344	0.0006535034769733	0.0009869847563095	0.0011629282864344	0.0009869847563095	0.0006535034769733	0.0012895476074646	0.0012895477538125	sub-20966	ses-1				space-ACPC			DSIStudio	autotrackgqi
CranialNerve_CNVIIR	txy	DSIStudio	/scratch/executivefunction/SLURM_8364170_114/job-8364170-114-sub-20966-ses-1/ds/inputs/data/qsiprep/qsiprep/sub-20966/ses-1/dwi/sub-20966_ses-1_space-ACPC_desc-preproc_dwi.nii.gz	0.0	2.0227343120775426e-05	0.0001776712734195	3.6362907849252224e-05	2.0227343120775426e-05	3.6362907849252224e-05	0.0001776712734195	9.565177648778571e-05	9.565178752153664e-05	sub-20966	ses-1				space-ACPC			DSIStudio	autotrackgqi
CranialNerve_CNVIIR	txz	DSIStudio	/scratch/executivefunction/SLURM_8364170_114/job-8364170-114-sub-20966-ses-1/ds/inputs/data/qsiprep/qsiprep/sub-20966/ses-1/dwi/sub-20966_ses-1_space-ACPC_desc-preproc_dwi.nii.gz	0.0	-1.2925344774564884e-05	0.0001210788739353	-1.5386895483970875e-05	-1.2925344774564884e-05	-1.5386895483970875e-05	0.0001210788739353	-1.9530465251294743e-05	-1.9530467311214747e-05	sub-20966	ses-1				space-ACPC			DSIStudio	autotrackgqi
CranialNerve_CNVIIR	tyy	DSIStudio	/scratch/executivefunction/SLURM_8364170_114/job-8364170-114-sub-20966-ses-1/ds/inputs/data/qsiprep/qsiprep/sub-20966/ses-1/dwi/sub-20966_ses-1_space-ACPC_desc-preproc_dwi.nii.gz	0.0	0.0012128297338901	0.0006474565265582	0.0010503830853849	0.0012128297338901	0.0010503830853849	0.0006474565265582	0.0012966638690505	0.0012966640153736	sub-20966	ses-1				space-ACPC			DSIStudio	autotrackgqi
CranialNerve_CNVIIR	tyz	DSIStudio	/scratch/executivefunction/SLURM_8364170_114/job-8364170-114-sub-20966-ses-1/ds/inputs/data/qsiprep/qsiprep/sub-20966/ses-1/dwi/sub-20966_ses-1_space-ACPC_desc-preproc_dwi.nii.gz	0.0	2.365015556293162e-05	0.0001493269282958	1.526633514004061e-05	2.365015556293162e-05	1.526633514004061e-05	0.0001493269282958	1.9684442003083883e-05	1.968444391485641e-05	sub-20966	ses-1				space-ACPC			DSIStudio	autotrackgqi
CranialNerve_CNVIIR	tzz	DSIStudio	/scratch/executivefunction/SLURM_8364170_114/job-8364170-114-sub-20966-ses-1/ds/inputs/data/qsiprep/qsiprep/sub-20966/ses-1/dwi/sub-20966_ses-1_space-ACPC_desc-preproc_dwi.nii.gz	0.0	0.0011715450038869	0.0006638805067897	0.0010299437562935	0.0011715450038869	0.0010299437562935	0.0006638805067897	0.0012309855267601	0.001230985666089	sub-20966	ses-1				space-ACPC			DSIStudio	autotrackgqi
CranialNerve_CNIIR	ad	DSIStudio	/scratch/executivefunction/SLURM_8364170_114/job-8364170-114-sub-20966-ses-1/ds/inputs/data/qsiprep/qsiprep/sub-20966/ses-1/dwi/sub-20966_ses-1_space-ACPC_desc-preproc_dwi.nii.gz	0.0	1.622207331904732	0.7524216579597358	1.3612486124038696	1.622207331904732	1.3612486124038696	0.7524216579597358	1.6624777577731331	1.6624777577731331	sub-20966	ses-1				space-ACPC			DSIStudio	autotrackgqi
CranialNerve_CNIIR	dti_fa	DSIStudio	/scratch/executivefunction/SLURM_8364170_114/job-8364170-114-sub-20966-ses-1/ds/inputs/data/qsiprep/qsiprep/sub-20966/ses-1/dwi/sub-20966_ses-1_space-ACPC_desc-preproc_dwi.nii.gz	0.0	0.3241179947799296	0.174077511245005	0.3038731813430786	0.3241179947799296	0.3038731813430786	0.174077511245005	0.3619706287947483	0.3619706287947483	sub-20966	ses-1				space-ACPC			DSIStudio	autotrackgqi
CranialNerve_CNIIR	gfa	DSIStudio	/scratch/executivefunction/SLURM_8364170_114/job-8364170-114-sub-20966-ses-1/ds/inputs/data/qsiprep/qsiprep/sub-20966/ses-1/dwi/sub-20966_ses-1_space-ACPC_desc-preproc_dwi.nii.gz	0.0	0.0791685849698685	0.0359786120082778	0.0728282928466796	0.0791685849698685	0.0728282928466796	0.0359786120082778	0.0895373176801823	0.0895373176801823	sub-20966	ses-1				space-ACPC			DSIStudio	autotrackgqi
CranialNerve_CNIIR	ha	DSIStudio	/scratch/executivefunction/SLURM_8364170_114/job-8364170-114-sub-20966-ses-1/ds/inputs/data/qsiprep/qsiprep/sub-20966/ses-1/dwi/sub-20966_ses-1_space-ACPC_desc-preproc_dwi.nii.gz	0.0	-7.83892141583364	33.28495810582945	-11.227643013000488	-7.83892141583364	-11.227643013000488	33.28495810582945	-11.95750119810774	-11.95750119810774	sub-20966	ses-1				space-ACPC			DSIStudio	autotrackgqi
CranialNerve_CNIIR	iso	DSIStudio	/scratch/executivefunction/SLURM_8364170_114/job-8364170-114-sub-20966-ses-1/ds/inputs/data/qsiprep/qsiprep/sub-20966/ses-1/dwi/sub-20966_ses-1_space-ACPC_desc-preproc_dwi.nii.gz	0.0	0.4115926032739062	0.116403751158334	0.4378306567668915	0.4115926032739062	0.4378306567668915	0.116403751158334	0.4018111653938705	0.4018111653938705	sub-20966	ses-1				space-ACPC			DSIStudio	autotrackgqi
CranialNerve_CNIIR	md	DSIStudio	/scratch/executivefunction/SLURM_8364170_114/job-8364170-114-sub-20966-ses-1/ds/inputs/data/qsiprep/qsiprep/sub-20966/ses-1/dwi/sub-20966_ses-1_space-ACPC_desc-preproc_dwi.nii.gz	0.0	1.243439194918668	0.7132875151002477	0.9234257340431212	1.243439194918668	0.9234257340431212	0.7132875151002477	1.2157929925861883	1.2157929925861883	sub-20966	ses-1				space-ACPC			DSIStudio	autotrackgqi
CranialNerve_CNIIR	qa	DSIStudio	/scratch/executivefunction/SLURM_8364170_114/job-8364170-114-sub-20966-ses-1/ds/inputs/data/qsiprep/qsiprep/sub-20966/ses-1/dwi/sub-20966_ses-1_space-ACPC_desc-preproc_dwi.nii.gz	0.0	0.1514406042830454	0.0871886878805944	0.1346941739320755	0.1514406042830454	0.1346941739320755	0.0871886878805944	0.167516554615442	0.167516554615442	sub-20966	ses-1				space-ACPC			DSIStudio	autotrackgqi
CranialNerve_CNIIR	rd1	DSIStudio	/scratch/executivefunction/SLURM_8364170_114/job-8364170-114-sub-20966-ses-1/ds/inputs/data/qsiprep/qsiprep/sub-20966/ses-1/dwi/sub-20966_ses-1_space-ACPC_desc-preproc_dwi.nii.gz	0.0	1.1708620529575466	0.7329777750585241	0.851269543170929	1.1708620529575466	0.851269543170929	0.7329777750585241	1.097758656240872	1.097758656240872	sub-20966	ses-1				space-ACPC			DSIStudio	autotrackgqi
CranialNerve_CNIIR	rd2	DSIStudio	/scratch/executivefunction/SLURM_8364170_114/job-8364170-114-sub-20966-ses-1/ds/inputs/data/qsiprep/qsiprep/sub-20966/ses-1/dwi/sub-20966_ses-1_space-ACPC_desc-preproc_dwi.nii.gz	0.0	0.9372482028986904	0.7027105559548897	0.6654133796691895	0.9372482028986904	0.6654133796691895	0.7027105559548897	0.8871425657527369	0.8871425657527369	sub-20966	ses-1				space-ACPC			DSIStudio	autotrackgqi
CranialNerve_CNIIR	rd	DSIStudio	/scratch/executivefunction/SLURM_8364170_114/job-8364170-114-sub-20966-ses-1/ds/inputs/data/qsiprep/qsiprep/sub-20966/ses-1/dwi/sub-20966_ses-1_space-ACPC_desc-preproc_dwi.nii.gz	0.0	1.0540551283918476	0.7148559451675781	0.7546160817146301	1.0540551283918476	0.7546160817146301	0.7148559451675781	0.9924506070533986	0.9924506070533986	sub-20966	ses-1				space-ACPC			DSIStudio	autotrackgqi
CranialNerve_CNIIR	txx	DSIStudio	/scratch/executivefunction/SLURM_8364170_114/job-8364170-114-sub-20966-ses-1/ds/inputs/data/qsiprep/qsiprep/sub-20966/ses-1/dwi/sub-20966_ses-1_space-ACPC_desc-preproc_dwi.nii.gz	0.0	0.0012637059606178	0.0007192989886838	0.0009825372835621	0.0012637059606178	0.0009825372835621	0.0007192989886838	0.0012441801307976	0.0012441801307976	sub-20966	ses-1				space-ACPC			DSIStudio	autotrackgqi
CranialNerve_CNIIR	txy	DSIStudio	/scratch/executivefunction/SLURM_8364170_114/job-8364170-114-sub-20966-ses-1/ds/inputs/data/qsiprep/qsiprep/sub-20966/ses-1/dwi/sub-20966_ses-1_space-ACPC_desc-preproc_dwi.nii.gz	0.0	5.885132812235378e-06	0.0001838059938872	1.8458284102962352e-05	5.885132812235378e-06	1.8458284102962352e-05	0.0001838059938872	-7.835637141183845e-05	-7.835637141183845e-05	sub-20966	ses-1				space-ACPC			DSIStudio	autotrackgqi
CranialNerve_CNIIR	txz	DSIStudio	/scratch/executivefunction/SLURM_8364170_114/job-8364170-114-sub-20966-ses-1/ds/inputs/data/qsiprep/qsiprep/sub-20966/ses-1/dwi/sub-20966_ses-1_space-ACPC_desc-preproc_dwi.nii.gz	0.0	1.28022158544774e-05	0.0001672072606879	1.5852594515308738e-05	1.28022158544774e-05	1.5852594515308738e-05	0.0001672072606879	-1.774872623712827e-05	-1.774872623712827e-05	sub-20966	ses-1				space-ACPC			DSIStudio	autotrackgqi
CranialNerve_CNIIR	tyy	DSIStudio	/scratch/executivefunction/SLURM_8364170_114/job-8364170-114-sub-20966-ses-1/ds/inputs/data/qsiprep/qsiprep/sub-20966/ses-1/dwi/sub-20966_ses-1_space-ACPC_desc-preproc_dwi.nii.gz	0.0	0.0012545502156983	0.0007466726060694	0.0009822809370234	0.0012545502156983	0.0009822809370234	0.0007466726060694	0.0012705553023379	0.0012705553023379	sub-20966	ses-1				space-ACPC			DSIStudio	autotrackgqi
CranialNerve_CNIIR	tyz	DSIStudio	/scratch/executivefunction/SLURM_8364170_114/job-8364170-114-sub-20966-ses-1/ds/inputs/data/qsiprep/qsiprep/sub-20966/ses-1/dwi/sub-20966_ses-1_space-ACPC_desc-preproc_dwi.nii.gz	0.0	5.46050618839298e-05	0.0001976411739859	3.913363616447896e-05	5.46050618839298e-05	3.913363616447896e-05	0.0001976411739859	8.647330199207663e-05	8.647330199207663e-05	sub-20966	ses-1				space-ACPC			DSIStudio	autotrackgqi
CranialNerve_CNIIR	tzz	DSIStudio	/scratch/executivefunction/SLURM_8364170_114/job-8364170-114-sub-20966-ses-1/ds/inputs/data/qsiprep/qsiprep/sub-20966/ses-1/dwi/sub-20966_ses-1_space-ACPC_desc-preproc_dwi.nii.gz	0.0	0.0012120614110403	0.0007451727363717	0.0009129181853495	0.0012120614110403	0.0009129181853495	0.0007451727363717	0.0011326435427809	0.0011326435427809	sub-20966	ses-1				space-ACPC			DSIStudio	autotrackgqi
CranialNerve_CNIIL	ad	DSIStudio	/scratch/executivefunction/SLURM_8364170_114/job-8364170-114-sub-20966-ses-1/ds/inputs/data/qsiprep/qsiprep/sub-20966/ses-1/dwi/sub-20966_ses-1_space-ACPC_desc-preproc_dwi.nii.gz	0.00074294205052	1.5077979414548066	0.7216405662891214	1.2296621203422546	1.5089189808164831	1.229699969291687	0.7207362453048299	1.4604923299132515	1.460547434975497	sub-20966	ses-1				space-ACPC			DSIStudio	autotrackgqi
CranialNerve_CNIIL	dti_fa	DSIStudio	/scratch/executivefunction/SLURM_8364170_114/job-8364170-114-sub-20966-ses-1/ds/inputs/data/qsiprep/qsiprep/sub-20966/ses-1/dwi/sub-20966_ses-1_space-ACPC_desc-preproc_dwi.nii.gz	0.00074294205052	0.3340190267536296	0.1836916556200351	0.3026202321052551	0.3342673680374613	0.3027566969394684	0.1835339189636409	0.3903600181855896	0.3903747462611129	sub-20966	ses-1				space-ACPC			DSIStudio	autotrackgqi
CranialNerve_CNIIL	gfa	DSIStudio	/scratch/executivefunction/SLURM_8364170_114/job-8364170-114-sub-20966-ses-1/ds/inputs/data/qsiprep/qsiprep/sub-20966/ses-1/dwi/sub-20966_ses-1_space-ACPC_desc-preproc_dwi.nii.gz	0.00074294205052	0.0777358316635106	0.0374625380610873	0.0696523673832416	0.0777936278208813	0.069669522345066	0.0374164273594316	0.0900848130644319	0.0900882119592452	sub-20966	ses-1				space-ACPC			DSIStudio	autotrackgqi
CranialNerve_CNIIL	ha	DSIStudio	/scratch/executivefunction/SLURM_8364170_114/job-8364170-114-sub-20966-ses-1/ds/inputs/data/qsiprep/qsiprep/sub-20966/ses-1/dwi/sub-20966_ses-1_space-ACPC_desc-preproc_dwi.nii.gz	0.00074294205052	11.606952516694191	29.867954024316308	13.926532745361328	11.615582221167571	13.929994583129885	29.87737782964072	12.501904429632638	12.502376143783	sub-20966	ses-1				space-ACPC			DSIStudio	autotrackgqi
CranialNerve_CNIIL	iso	DSIStudio	/scratch/executivefunction/SLURM_8364170_114/job-8364170-114-sub-20966-ses-1/ds/inputs/data/qsiprep/qsiprep/sub-20966/ses-1/dwi/sub-20966_ses-1_space-ACPC_desc-preproc_dwi.nii.gz	0.00074294205052	0.4447033917323795	0.1302370711223623	0.4596960842609405	0.4450340262243739	0.4597428143024444	0.1297195514206467	0.4563061629540215	0.4563233790537986	sub-20966	ses-1				space-ACPC			DSIStudio	autotrackgqi
CranialNerve_CNIIL	md	DSIStudio	/scratch/executivefunction/SLURM_8364170_114/job-8364170-114-sub-20966-ses-1/ds/inputs/data/qsiprep/qsiprep/sub-20966/ses-1/dwi/sub-20966_ses-1_space-ACPC_desc-preproc_dwi.nii.gz	0.00074294205052	1.140421083542957	0.6792401056189716	0.8413715362548828	1.141268980259346	0.8415504097938538	0.6787801313696787	1.0473234668200364	1.0473629830558169	sub-20966	ses-1				space-ACPC			DSIStudio	autotrackgqi
CranialNerve_CNIIL	qa	DSIStudio	/scratch/executivefunction/SLURM_8364170_114/job-8364170-114-sub-20966-ses-1/ds/inputs/data/qsiprep/qsiprep/sub-20966/ses-1/dwi/sub-20966_ses-1_space-ACPC_desc-preproc_dwi.nii.gz	0.00074294205052	0.1583891091716059	0.0911602616228948	0.1374051347374916	0.1585068705910643	0.1374131590127945	0.0910917443430438	0.1906235054772714	0.1906306975719068	sub-20966	ses-1				space-ACPC			DSIStudio	autotrackgqi
CranialNerve_CNIIL	rd1	DSIStudio	/scratch/executivefunction/SLURM_8364170_114/job-8364170-114-sub-20966-ses-1/ds/inputs/data/qsiprep/qsiprep/sub-20966/ses-1/dwi/sub-20966_ses-1_space-ACPC_desc-preproc_dwi.nii.gz	0.00074294205052	1.06315367857069	0.6941027089162249	0.7916817963123322	1.0639441274023411	0.792023777961731	0.6937548391276863	0.9549320739785336	0.9549681042890056	sub-20966	ses-1				space-ACPC			DSIStudio	autotrackgqi
CranialNerve_CNIIL	rd2	DSIStudio	/scratch/executivefunction/SLURM_8364170_114/job-8364170-114-sub-20966-ses-1/ds/inputs/data/qsiprep/qsiprep/sub-20966/ses-1/dwi/sub-20966_ses-1_space-ACPC_desc-preproc_dwi.nii.gz	0.00074294205052	0.8503116273397668	0.6748872530316986	0.5963625311851501	0.8509438292931794	0.5969430804252625	0.6747395626786218	0.7265460063005518	0.7265734196355434	sub-20966	ses-1				space-ACPC			DSIStudio	autotrackgqi
CranialNerve_CNIIL	rd	DSIStudio	/scratch/executivefunction/SLURM_8364170_114/job-8364170-114-sub-20966-ses-1/ds/inputs/data/qsiprep/qsiprep/sub-20966/ses-1/dwi/sub-20966_ses-1_space-ACPC_desc-preproc_dwi.nii.gz	0.00074294205052	0.9567326528932152	0.6817199997761461	0.6833323538303375	0.9574439782857008	0.6834095120429993	0.6814738711676304	0.8407390369990188	0.8407707588216321	sub-20966	ses-1				space-ACPC			DSIStudio	autotrackgqi
CranialNerve_CNIIL	txx	DSIStudio	/scratch/executivefunction/SLURM_8364170_114/job-8364170-114-sub-20966-ses-1/ds/inputs/data/qsiprep/qsiprep/sub-20966/ses-1/dwi/sub-20966_ses-1_space-ACPC_desc-preproc_dwi.nii.gz	0.00074294205052	0.0011453907067156	0.0006812767024049	0.0009044881444424	0.0011462422983191	0.0009054929832927	0.0006808134097512	0.0010557364043028	0.0010557762379943	sub-20966	ses-1				space-ACPC			DSIStudio	autotrackgqi
CranialNerve_CNIIL	txy	DSIStudio	/scratch/executivefunction/SLURM_8364170_114/job-8364170-114-sub-20966-ses-1/ds/inputs/data/qsiprep/qsiprep/sub-20966/ses-1/dwi/sub-20966_ses-1_space-ACPC_desc-preproc_dwi.nii.gz	0.00074294205052	1.5851716916033664e-05	0.0001925460213871	9.071560725715244e-06	1.586350257916826e-05	9.111839062825313e-06	0.0001926171012147	3.249702654428898e-05	3.249825273661852e-05	sub-20966	ses-1				space-ACPC			DSIStudio	autotrackgqi
CranialNerve_CNIIL	txz	DSIStudio	/scratch/executivefunction/SLURM_8364170_114/job-8364170-114-sub-20966-ses-1/ds/inputs/data/qsiprep/qsiprep/sub-20966/ses-1/dwi/sub-20966_ses-1_space-ACPC_desc-preproc_dwi.nii.gz	0.00074294205052	-1.78026780437923e-05	0.0001584642382956	-1.5767527656862512e-05	-1.781591423564642e-05	-1.5821018678252585e-05	0.0001585223922002	-4.804780244065488e-05	-4.804961531526346e-05	sub-20966	ses-1				space-ACPC			DSIStudio	autotrackgqi
CranialNerve_CNIIL	tyy	DSIStudio	/scratch/executivefunction/SLURM_8364170_114/job-8364170-114-sub-20966-ses-1/ds/inputs/data/qsiprep/qsiprep/sub-20966/ses-1/dwi/sub-20966_ses-1_space-ACPC_desc-preproc_dwi.nii.gz	0.00074294205052	0.0011960481353328	0.0007093476556496	0.0009457005944568	0.001196937390452	0.0009467878844588	0.0007088609320655	0.001135903216359	0.0011359460748854	sub-20966	ses-1				space-ACPC			DSIStudio	autotrackgqi
CranialNerve_CNIIL	tyz	DSIStudio	/scratch/executivefunction/SLURM_8364170_114/job-8364170-114-sub-20966-ses-1/ds/inputs/data/qsiprep/qsiprep/sub-20966/ses-1/dwi/sub-20966_ses-1_space-ACPC_desc-preproc_dwi.nii.gz	0.00074294205052	9.801321864223044e-05	0.0001600726243299	7.654124783584848e-05	9.808609092374882e-05	7.654364162590355e-05	0.0001601097999576	0.0001270907926997	0.0001270955879857	sub-20966	ses-1				space-ACPC			DSIStudio	autotrackgqi
CranialNerve_CNIIL	tzz	DSIStudio	/scratch/executivefunction/SLURM_8364170_114/job-8364170-114-sub-20966-ses-1/ds/inputs/data/qsiprep/qsiprep/sub-20966/ses-1/dwi/sub-20966_ses-1_space-ACPC_desc-preproc_dwi.nii.gz	0.00074294205052	0.0010798244091409	0.0007162730315404	0.0008240123570431	0.0010806272525678	0.0008240616880357	0.0007159336064542	0.0009503307887097	0.0009503666451995	sub-20966	ses-1				space-ACPC			DSIStudio	autotrackgqi
CranialNerve_CNVL	ad	DSIStudio	/scratch/executivefunction/SLURM_8364170_114/job-8364170-114-sub-20966-ses-1/ds/inputs/data/qsiprep/qsiprep/sub-20966/ses-1/dwi/sub-20966_ses-1_space-ACPC_desc-preproc_dwi.nii.gz	0.002061855670103	1.5298774888835005	0.8290819638732225	1.257884502410889	1.5330383927861522	1.2587892413139343	0.8270134920263661	1.6161081264403188	1.616679736860369	sub-20966	ses-1				space-ACPC			DSIStudio	autotrackgqi
CranialNerve_CNVL	dti_fa	DSIStudio	/scratch/executivefunction/SLURM_8364170_114/job-8364170-114-sub-20966-ses-1/ds/inputs/data/qsiprep/qsiprep/sub-20966/ses-1/dwi/sub-20966_ses-1_space-ACPC_desc-preproc_dwi.nii.gz	0.002061855670103	0.3377197586115181	0.1910906322365275	0.2888628244400024	0.3384175267078229	0.2895990014076233	0.1906697099466951	0.4224551632890598	0.4226045841874777	sub-20966	ses-1				space-ACPC			DSIStudio	autotrackgqi
CranialNerve_CNVL	gfa	DSIStudio	/scratch/executivefunction/SLURM_8364170_114/job-8364170-114-sub-20966-ses-1/ds/inputs/data/qsiprep/qsiprep/sub-20966/ses-1/dwi/sub-20966_ses-1_space-ACPC_desc-preproc_dwi.nii.gz	0.002061855670103	0.0774069080033253	0.0405522554902681	0.0699522010982036	0.0775668396314313	0.0700617022812366	0.0404410401888786	0.0986078634961591	0.0986427406661337	sub-20966	ses-1				space-ACPC			DSIStudio	autotrackgqi
CranialNerve_CNVL	ha	DSIStudio	/scratch/executivefunction/SLURM_8364170_114/job-8364170-114-sub-20966-ses-1/ds/inputs/data/qsiprep/qsiprep/sub-20966/ses-1/dwi/sub-20966_ses-1_space-ACPC_desc-preproc_dwi.nii.gz	0.002061855670103	5.388502403856111	48.76516143437016	13.322071552276611	5.399635673285566	13.397520065307615	48.81489692614428	2.880473111073824	2.8814919222278395	sub-20966	ses-1				space-ACPC			DSIStudio	autotrackgqi
CranialNerve_CNVL	iso	DSIStudio	/scratch/executivefunction/SLURM_8364170_114/job-8364170-114-sub-20966-ses-1/ds/inputs/data/qsiprep/qsiprep/sub-20966/ses-1/dwi/sub-20966_ses-1_space-ACPC_desc-preproc_dwi.nii.gz	0.002061855670103	0.5018018214819358	0.1774703320380792	0.5405751764774323	0.5028386021048323	0.5407436490058899	0.1761801896743141	0.4864536795897314	0.4866257368440309	sub-20966	ses-1				space-ACPC			DSIStudio	autotrackgqi
CranialNerve_CNVL	md	DSIStudio	/scratch/executivefunction/SLURM_8364170_114/job-8364170-114-sub-20966-ses-1/ds/inputs/data/qsiprep/qsiprep/sub-20966/ses-1/dwi/sub-20966_ses-1_space-ACPC_desc-preproc_dwi.nii.gz	0.002061855670103	1.143546452012259	0.730423233254733	0.7977964878082275	1.1459091512932758	0.7980667054653168	0.7293236394590051	1.1287460618976743	1.129145294565391	sub-20966	ses-1				space-ACPC			DSIStudio	autotrackgqi
CranialNerve_CNVL	qa	DSIStudio	/scratch/executivefunction/SLURM_8364170_114/job-8364170-114-sub-20966-ses-1/ds/inputs/data/qsiprep/qsiprep/sub-20966/ses-1/dwi/sub-20966_ses-1_space-ACPC_desc-preproc_dwi.nii.gz	0.002061855670103	0.1723946824151369	0.1086448006402406	0.1360383033752441	0.1727508697754988	0.1362529247999191	0.1084737241210953	0.225624053520396	0.2257038557817629	sub-20966	ses-1				space-ACPC			DSIStudio	autotrackgqi
CranialNerve_CNVL	rd1	DSIStudio	/scratch/executivefunction/SLURM_8364170_114/job-8364170-114-sub-20966-ses-1/ds/inputs/data/qsiprep/qsiprep/sub-20966/ses-1/dwi/sub-20966_ses-1_space-ACPC_desc-preproc_dwi.nii.gz	0.002061855670103	1.0515589890713544	0.7311190131692009	0.7522597014904022	1.053731631610758	0.7527115643024445	0.7303081818179008	1.0131974491315563	1.0135558130111884	sub-20966	ses-1				space-ACPC			DSIStudio	autotrackgqi
CranialNerve_CNVL	rd2	DSIStudio	/scratch/executivefunction/SLURM_8364170_114/job-8364170-114-sub-20966-ses-1/ds/inputs/data/qsiprep/qsiprep/sub-20966/ses-1/dwi/sub-20966_ses-1_space-ACPC_desc-preproc_dwi.nii.gz	0.002061855670103	0.8492028762845649	0.6886364465718717	0.6012288331985474	0.850957427681847	0.6014545261859894	0.6882636854528763	0.7569325999014214	0.7572003236012752	sub-20966	ses-1				space-ACPC			DSIStudio	autotrackgqi
CranialNerve_CNVL	rd	DSIStudio	/scratch/executivefunction/SLURM_8364170_114/job-8364170-114-sub-20966-ses-1/ds/inputs/data/qsiprep/qsiprep/sub-20966/ses-1/dwi/sub-20966_ses-1_space-ACPC_desc-preproc_dwi.nii.gz	0.002061855670103	0.95038093222478	0.7065923651328645	0.6695768237113953	0.9523445291921866	0.6699713170528412	0.7059987995354406	0.8850650246327345	0.8853780684225183	sub-20966	ses-1				space-ACPC			DSIStudio	autotrackgqi
CranialNerve_CNVL	txx	DSIStudio	/scratch/executivefunction/SLURM_8364170_114/job-8364170-114-sub-20966-ses-1/ds/inputs/data/qsiprep/qsiprep/sub-20966/ses-1/dwi/sub-20966_ses-1_space-ACPC_desc-preproc_dwi.nii.gz	0.002061855670103	0.0010297230090801	0.0007322688923233	0.000747441110434	0.0010318505359584	0.0007479917258024	0.0007315260274167	0.0009732330914426	0.0009735773202037	sub-20966	ses-1				space-ACPC			DSIStudio	autotrackgqi
CranialNerve_CNVL	txy	DSIStudio	/scratch/executivefunction/SLURM_8364170_114/job-8364170-114-sub-20966-ses-1/ds/inputs/data/qsiprep/qsiprep/sub-20966/ses-1/dwi/sub-20966_ses-1_space-ACPC_desc-preproc_dwi.nii.gz	0.002061855670103	8.6823974854595e-06	0.0001509969968714	-2.0936485270794947e-05	8.700336323239376e-06	-2.1071707124065146e-05	0.0001511523887359	3.171494794784811e-05	3.172616547041754e-05	sub-20966	ses-1				space-ACPC			DSIStudio	autotrackgqi
CranialNerve_CNVL	txz	DSIStudio	/scratch/executivefunction/SLURM_8364170_114/job-8364170-114-sub-20966-ses-1/ds/inputs/data/qsiprep/qsiprep/sub-20966/ses-1/dwi/sub-20966_ses-1_space-ACPC_desc-preproc_dwi.nii.gz	0.002061855670103	-1.283555953797808e-05	0.0001229397532794	-2.152652814402245e-05	-1.2862079289089603e-05	-2.170465904782759e-05	0.000123065305785	-1.727436777672303e-05	-1.728047748905601e-05	sub-20966	ses-1				space-ACPC			DSIStudio	autotrackgqi
CranialNerve_CNVL	tyy	DSIStudio	/scratch/executivefunction/SLURM_8364170_114/job-8364170-114-sub-20966-ses-1/ds/inputs/data/qsiprep/qsiprep/sub-20966/ses-1/dwi/sub-20966_ses-1_space-ACPC_desc-preproc_dwi.nii.gz	0.002061855670103	0.0011786228381865	0.0007929806743598	0.0008706698718015	0.0011810580093398	0.0008726299856789	0.0007919857845821	0.0012882500721383	0.0012887057192598	sub-20966	ses-1				space-ACPC			DSIStudio	autotrackgqi
CranialNerve_CNVL	tyz	DSIStudio	/scratch/executivefunction/SLURM_8364170_114/job-8364170-114-sub-20966-ses-1/ds/inputs/data/qsiprep/qsiprep/sub-20966/ses-1/dwi/sub-20966_ses-1_space-ACPC_desc-preproc_dwi.nii.gz	0.002061855670103	-1.5984400960017238e-05	0.0002060792851269	4.584752787195612e-06	-1.6017426581835454e-05	5.169077439859393e-06	0.0002062907849676	1.6560449563842117e-05	1.656630653553024e-05	sub-20966	ses-1				space-ACPC			DSIStudio	autotrackgqi
CranialNerve_CNVL	tzz	DSIStudio	/scratch/executivefunction/SLURM_8364170_114/job-8364170-114-sub-20966-ses-1/ds/inputs/data/qsiprep/qsiprep/sub-20966/ses-1/dwi/sub-20966_ses-1_space-ACPC_desc-preproc_dwi.nii.gz	0.002061855670103	0.0012222935069357	0.000770261707762	0.0009323212143499	0.0012248189067434	0.0009329505555797	0.0007690486160581	0.0011247550127916	0.0011251528349088	sub-20966	ses-1				space-ACPC			DSIStudio	autotrackgqi
CranialNerve_CNVIIIR	ad	DSIStudio	/scratch/executivefunction/SLURM_8364170_114/job-8364170-114-sub-20966-ses-1/ds/inputs/data/qsiprep/qsiprep/sub-20966/ses-1/dwi/sub-20966_ses-1_space-ACPC_desc-preproc_dwi.nii.gz	0.0	1.2285835294237546	0.5853467261686157	1.02716726064682	1.2285835294237546	1.02716726064682	0.5853467261686157	1.4916034014093038	1.4916034014093038	sub-20966	ses-1				space-ACPC			DSIStudio	autotrackgqi
CranialNerve_CNVIIIR	dti_fa	DSIStudio	/scratch/executivefunction/SLURM_8364170_114/job-8364170-114-sub-20966-ses-1/ds/inputs/data/qsiprep/qsiprep/sub-20966/ses-1/dwi/sub-20966_ses-1_space-ACPC_desc-preproc_dwi.nii.gz	0.0	0.3244559154237478	0.1789944211814925	0.2749958336353302	0.3244559154237478	0.2749958336353302	0.1789944211814925	0.3670791736541914	0.3670791736541914	sub-20966	ses-1				space-ACPC			DSIStudio	autotrackgqi
CranialNerve_CNVIIIR	gfa	DSIStudio	/scratch/executivefunction/SLURM_8364170_114/job-8364170-114-sub-20966-ses-1/ds/inputs/data/qsiprep/qsiprep/sub-20966/ses-1/dwi/sub-20966_ses-1_space-ACPC_desc-preproc_dwi.nii.gz	0.0	0.0680843969976932	0.0367145087153831	0.055188750848174	0.0680843969976932	0.055188750848174	0.0367145087153831	0.0836171068797937	0.0836171068797937	sub-20966	ses-1				space-ACPC			DSIStudio	autotrackgqi
CranialNerve_CNVIIIR	ha	DSIStudio	/scratch/executivefunction/SLURM_8364170_114/job-8364170-114-sub-20966-ses-1/ds/inputs/data/qsiprep/qsiprep/sub-20966/ses-1/dwi/sub-20966_ses-1_space-ACPC_desc-preproc_dwi.nii.gz	0.0	-16.53839444288321	41.4869736646519	-24.973573684692383	-16.53839444288321	-24.973573684692383	41.4869736646519	-11.33671106343732	-11.33671106343732	sub-20966	ses-1				space-ACPC			DSIStudio	autotrackgqi
CranialNerve_CNVIIIR	iso	DSIStudio	/scratch/executivefunction/SLURM_8364170_114/job-8364170-114-sub-20966-ses-1/ds/inputs/data/qsiprep/qsiprep/sub-20966/ses-1/dwi/sub-20966_ses-1_space-ACPC_desc-preproc_dwi.nii.gz	0.0	0.5591711333516549	0.1202149164124288	0.5814876854419708	0.5591711333516549	0.5814876854419708	0.1202149164124288	0.4915507126600122	0.4915507126600122	sub-20966	ses-1				space-ACPC			DSIStudio	autotrackgqi
CranialNerve_CNVIIIR	md	DSIStudio	/scratch/executivefunction/SLURM_8364170_114/job-8364170-114-sub-20966-ses-1/ds/inputs/data/qsiprep/qsiprep/sub-20966/ses-1/dwi/sub-20966_ses-1_space-ACPC_desc-preproc_dwi.nii.gz	0.0	0.9161031184432744	0.5045564128618375	0.7358176410198212	0.9161031184432744	0.7358176410198212	0.5045564128618375	1.0833751011551975	1.0833751011551975	sub-20966	ses-1				space-ACPC			DSIStudio	autotrackgqi
CranialNerve_CNVIIIR	qa	DSIStudio	/scratch/executivefunction/SLURM_8364170_114/job-8364170-114-sub-20966-ses-1/ds/inputs/data/qsiprep/qsiprep/sub-20966/ses-1/dwi/sub-20966_ses-1_space-ACPC_desc-preproc_dwi.nii.gz	0.0	0.1642127105544598	0.0964450029468646	0.1312793120741844	0.1642127105544598	0.1312793120741844	0.0964450029468646	0.1858417784225771	0.1858417784225771	sub-20966	ses-1				space-ACPC			DSIStudio	autotrackgqi
CranialNerve_CNVIIIR	rd1	DSIStudio	/scratch/executivefunction/SLURM_8364170_114/job-8364170-114-sub-20966-ses-1/ds/inputs/data/qsiprep/qsiprep/sub-20966/ses-1/dwi/sub-20966_ses-1_space-ACPC_desc-preproc_dwi.nii.gz	0.0	0.8448723463744328	0.5066835491137093	0.6969803869724274	0.8448723463744328	0.6969803869724274	0.5066835491137093	0.9760454992500678	0.9760454992500678	sub-20966	ses-1				space-ACPC			DSIStudio	autotrackgqi
CranialNerve_CNVIIIR	rd2	DSIStudio	/scratch/executivefunction/SLURM_8364170_114/job-8364170-114-sub-20966-ses-1/ds/inputs/data/qsiprep/qsiprep/sub-20966/ses-1/dwi/sub-20966_ses-1_space-ACPC_desc-preproc_dwi.nii.gz	0.0	0.6748534826648858	0.4812530301723484	0.5498039722442627	0.6748534826648858	0.5498039722442627	0.4812530301723484	0.7824764090719718	0.7824764090719718	sub-20966	ses-1				space-ACPC			DSIStudio	autotrackgqi
CranialNerve_CNVIIIR	rd	DSIStudio	/scratch/executivefunction/SLURM_8364170_114/job-8364170-114-sub-20966-ses-1/ds/inputs/data/qsiprep/qsiprep/sub-20966/ses-1/dwi/sub-20966_ses-1_space-ACPC_desc-preproc_dwi.nii.gz	0.0	0.7598629147569472	0.4907468720261563	0.6143567264080048	0.7598629147569472	0.6143567264080048	0.4907468720261563	0.8792609544009662	0.8792609544009662	sub-20966	ses-1				space-ACPC			DSIStudio	autotrackgqi
CranialNerve_CNVIIIR	txx	DSIStudio	/scratch/executivefunction/SLURM_8364170_114/job-8364170-114-sub-20966-ses-1/ds/inputs/data/qsiprep/qsiprep/sub-20966/ses-1/dwi/sub-20966_ses-1_space-ACPC_desc-preproc_dwi.nii.gz	0.0	0.000829779010498	0.0005278512572271	0.0006703250983264	0.000829779010498	0.0006703250983264	0.0005278512572271	0.000983919836109	0.000983919836109	sub-20966	ses-1				space-ACPC			DSIStudio	autotrackgqi
CranialNerve_CNVIIIR	txy	DSIStudio	/scratch/executivefunction/SLURM_8364170_114/job-8364170-114-sub-20966-ses-1/ds/inputs/data/qsiprep/qsiprep/sub-20966/ses-1/dwi/sub-20966_ses-1_space-ACPC_desc-preproc_dwi.nii.gz	0.0	1.358116774310394e-05	0.0001447927062501	4.102406455785968e-05	1.358116774310394e-05	4.102406455785968e-05	0.0001447927062501	5.260258280819033e-05	5.260258280819033e-05	sub-20966	ses-1				space-ACPC			DSIStudio	autotrackgqi
CranialNerve_CNVIIIR	txz	DSIStudio	/scratch/executivefunction/SLURM_8364170_114/job-8364170-114-sub-20966-ses-1/ds/inputs/data/qsiprep/qsiprep/sub-20966/ses-1/dwi/sub-20966_ses-1_space-ACPC_desc-preproc_dwi.nii.gz	0.0	4.912363849577404e-05	0.0001103051690909	4.612445263774134e-05	4.912363849577404e-05	4.612445263774134e-05	0.0001103051690909	4.4912086817452e-05	4.4912086817452e-05	sub-20966	ses-1				space-ACPC			DSIStudio	autotrackgqi
CranialNerve_CNVIIIR	tyy	DSIStudio	/scratch/executivefunction/SLURM_8364170_114/job-8364170-114-sub-20966-ses-1/ds/inputs/data/qsiprep/qsiprep/sub-20966/ses-1/dwi/sub-20966_ses-1_space-ACPC_desc-preproc_dwi.nii.gz	0.0	0.000982864581077	0.0005540163581043	0.0008089755719993	0.000982864581077	0.0008089755719993	0.0005540163581043	0.0011865068270661	0.0011865068270661	sub-20966	ses-1				space-ACPC			DSIStudio	autotrackgqi
CranialNerve_CNVIIIR	tyz	DSIStudio	/scratch/executivefunction/SLURM_8364170_114/job-8364170-114-sub-20966-ses-1/ds/inputs/data/qsiprep/qsiprep/sub-20966/ses-1/dwi/sub-20966_ses-1_space-ACPC_desc-preproc_dwi.nii.gz	0.0	4.322356033884704e-05	0.0001536023102675	5.611648339254316e-05	4.322356033884704e-05	5.611648339254316e-05	0.0001536023102675	6.152190742212017e-05	6.152190742212017e-05	sub-20966	ses-1				space-ACPC			DSIStudio	autotrackgqi
CranialNerve_CNVIIIR	tzz	DSIStudio	/scratch/executivefunction/SLURM_8364170_114/job-8364170-114-sub-20966-ses-1/ds/inputs/data/qsiprep/qsiprep/sub-20966/ses-1/dwi/sub-20966_ses-1_space-ACPC_desc-preproc_dwi.nii.gz	0.0	0.0009356657664579	0.0005211972908833	0.0008221337338909	0.0009356657664579	0.0008221337338909	0.0005211972908833	0.0010796986533409	0.0010796986533409	sub-20966	ses-1				space-ACPC			DSIStudio	autotrackgqi
CranialNerve_CNVR	ad	DSIStudio	/scratch/executivefunction/SLURM_8364170_114/job-8364170-114-sub-20966-ses-1/ds/inputs/data/qsiprep/qsiprep/sub-20966/ses-1/dwi/sub-20966_ses-1_space-ACPC_desc-preproc_dwi.nii.gz	0.0	1.480648633781937	0.7280318780425389	1.2496675848960876	1.480648633781937	1.2496675848960876	0.7280318780425389	1.5952215078353502	1.5952215078353502	sub-20966	ses-1				space-ACPC			DSIStudio	autotrackgqi
CranialNerve_CNVR	dti_fa	DSIStudio	/scratch/executivefunction/SLURM_8364170_114/job-8364170-114-sub-20966-ses-1/ds/inputs/data/qsiprep/qsiprep/sub-20966/ses-1/dwi/sub-20966_ses-1_space-ACPC_desc-preproc_dwi.nii.gz	0.0	0.3687022490438515	0.1842481547825678	0.3264948278665542	0.3687022490438515	0.3264948278665542	0.1842481547825678	0.4297307869956578	0.4297307869956578	sub-20966	ses-1				space-ACPC			DSIStudio	autotrackgqi
CranialNerve_CNVR	gfa	DSIStudio	/scratch/executivefunction/SLURM_8364170_114/job-8364170-114-sub-20966-ses-1/ds/inputs/data/qsiprep/qsiprep/sub-20966/ses-1/dwi/sub-20966_ses-1_space-ACPC_desc-preproc_dwi.nii.gz	0.0	0.0851407076547739	0.0404977804810201	0.0817018449306488	0.0851407076547739	0.0817018449306488	0.0404977804810201	0.1037535208031268	0.1037535208031268	sub-20966	ses-1				space-ACPC			DSIStudio	autotrackgqi
CranialNerve_CNVR	ha	DSIStudio	/scratch/executivefunction/SLURM_8364170_114/job-8364170-114-sub-20966-ses-1/ds/inputs/data/qsiprep/qsiprep/sub-20966/ses-1/dwi/sub-20966_ses-1_space-ACPC_desc-preproc_dwi.nii.gz	0.0	-6.748214295618004	41.64430530869285	-5.83413028717041	-6.748214295618004	-5.83413028717041	41.64430530869285	-1.270458041134907	-1.270458041134907	sub-20966	ses-1				space-ACPC			DSIStudio	autotrackgqi
CranialNerve_CNVR	iso	DSIStudio	/scratch/executivefunction/SLURM_8364170_114/job-8364170-114-sub-20966-ses-1/ds/inputs/data/qsiprep/qsiprep/sub-20966/ses-1/dwi/sub-20966_ses-1_space-ACPC_desc-preproc_dwi.nii.gz	0.0	0.4989542528568707	0.1379459899133934	0.5265068411827087	0.4989542528568707	0.5265068411827087	0.1379459899133934	0.4879025851459838	0.4879025851459838	sub-20966	ses-1				space-ACPC			DSIStudio	autotrackgqi
CranialNerve_CNVR	md	DSIStudio	/scratch/executivefunction/SLURM_8364170_114/job-8364170-114-sub-20966-ses-1/ds/inputs/data/qsiprep/qsiprep/sub-20966/ses-1/dwi/sub-20966_ses-1_space-ACPC_desc-preproc_dwi.nii.gz	0.0	1.0667931407752007	0.6214140605916368	0.7799269258975983	1.0667931407752007	0.7799269258975983	0.6214140605916368	1.100801210975631	1.100801210975631	sub-20966	ses-1				space-ACPC			DSIStudio	autotrackgqi
CranialNerve_CNVR	qa	DSIStudio	/scratch/executivefunction/SLURM_8364170_114/job-8364170-114-sub-20966-ses-1/ds/inputs/data/qsiprep/qsiprep/sub-20966/ses-1/dwi/sub-20966_ses-1_space-ACPC_desc-preproc_dwi.nii.gz	0.0	0.1901895594492694	0.104881139322612	0.165326327085495	0.1901895594492694	0.165326327085495	0.104881139322612	0.2358893715673514	0.2358893715673514	sub-20966	ses-1				space-ACPC			DSIStudio	autotrackgqi
CranialNerve_CNVR	rd1	DSIStudio	/scratch/executivefunction/SLURM_8364170_114/job-8364170-114-sub-20966-ses-1/ds/inputs/data/qsiprep/qsiprep/sub-20966/ses-1/dwi/sub-20966_ses-1_space-ACPC_desc-preproc_dwi.nii.gz	0.0	0.95719756625918	0.6150668226961431	0.7208754122257233	0.95719756625918	0.7208754122257233	0.6150668226961431	0.9731502096337932	0.9731502096337932	sub-20966	ses-1				space-ACPC			DSIStudio	autotrackgqi
CranialNerve_CNVR	rd2	DSIStudio	/scratch/executivefunction/SLURM_8364170_114/job-8364170-114-sub-20966-ses-1/ds/inputs/data/qsiprep/qsiprep/sub-20966/ses-1/dwi/sub-20966_ses-1_space-ACPC_desc-preproc_dwi.nii.gz	0.0	0.7625332253872806	0.5808577866642238	0.5667775869369507	0.7625332253872806	0.5667775869369507	0.5808577866642238	0.7340319168214513	0.7340319168214513	sub-20966	ses-1				space-ACPC			DSIStudio	autotrackgqi
CranialNerve_CNVR	rd	DSIStudio	/scratch/executivefunction/SLURM_8364170_114/job-8364170-114-sub-20966-ses-1/ds/inputs/data/qsiprep/qsiprep/sub-20966/ses-1/dwi/sub-20966_ses-1_space-ACPC_desc-preproc_dwi.nii.gz	0.0	0.8598653957278714	0.5943692140502354	0.6329248547554016	0.8598653957278714	0.6329248547554016	0.5943692140502354	0.8535910610618702	0.8535910610618702	sub-20966	ses-1				space-ACPC			DSIStudio	autotrackgqi
CranialNerve_CNVR	txx	DSIStudio	/scratch/executivefunction/SLURM_8364170_114/job-8364170-114-sub-20966-ses-1/ds/inputs/data/qsiprep/qsiprep/sub-20966/ses-1/dwi/sub-20966_ses-1_space-ACPC_desc-preproc_dwi.nii.gz	0.0	0.0009590499127877	0.0006352057555746	0.000715189758921	0.0009590499127877	0.000715189758921	0.0006352057555746	0.0009695573733304	0.0009695573733304	sub-20966	ses-1				space-ACPC			DSIStudio	autotrackgqi
CranialNerve_CNVR	txy	DSIStudio	/scratch/executivefunction/SLURM_8364170_114/job-8364170-114-sub-20966-ses-1/ds/inputs/data/qsiprep/qsiprep/sub-20966/ses-1/dwi/sub-20966_ses-1_space-ACPC_desc-preproc_dwi.nii.gz	0.0	-1.2226374076448524e-05	0.0001887880989442	1.1124472166557098e-05	-1.2226374076448524e-05	1.1124472166557098e-05	0.0001887880989442	-2.0256306508939693e-06	-2.0256306508939693e-06	sub-20966	ses-1				space-ACPC			DSIStudio	autotrackgqi
CranialNerve_CNVR	txz	DSIStudio	/scratch/executivefunction/SLURM_8364170_114/job-8364170-114-sub-20966-ses-1/ds/inputs/data/qsiprep/qsiprep/sub-20966/ses-1/dwi/sub-20966_ses-1_space-ACPC_desc-preproc_dwi.nii.gz	0.0	3.3389260664896204e-05	0.0001177062215865	3.754892532015219e-05	3.3389260664896204e-05	3.754892532015219e-05	0.0001177062215865	4.131691516827859e-05	4.131691516827859e-05	sub-20966	ses-1				space-ACPC			DSIStudio	autotrackgqi
CranialNerve_CNVR	tyy	DSIStudio	/scratch/executivefunction/SLURM_8364170_114/job-8364170-114-sub-20966-ses-1/ds/inputs/data/qsiprep/qsiprep/sub-20966/ses-1/dwi/sub-20966_ses-1_space-ACPC_desc-preproc_dwi.nii.gz	0.0	0.0011842152281793	0.0007031278360253	0.0009533225093036	0.0011842152281793	0.0009533225093036	0.0007031278360253	0.0013088864715072	0.0013088864715072	sub-20966	ses-1				space-ACPC			DSIStudio	autotrackgqi
CranialNerve_CNVR	tyz	DSIStudio	/scratch/executivefunction/SLURM_8364170_114/job-8364170-114-sub-20966-ses-1/ds/inputs/data/qsiprep/qsiprep/sub-20966/ses-1/dwi/sub-20966_ses-1_space-ACPC_desc-preproc_dwi.nii.gz	0.0	-1.0864887196662532e-05	0.0001958518557261	-7.2661664489714894e-06	-1.0864887196662532e-05	-7.2661664489714894e-06	0.0001958518557261	-2.2339724031026645e-05	-2.2339724031026645e-05	sub-20966	ses-1				space-ACPC			DSIStudio	autotrackgqi
CranialNerve_CNVR	tzz	DSIStudio	/scratch/executivefunction/SLURM_8364170_114/job-8364170-114-sub-20966-ses-1/ds/inputs/data/qsiprep/qsiprep/sub-20966/ses-1/dwi/sub-20966_ses-1_space-ACPC_desc-preproc_dwi.nii.gz	0.0	0.0010571142805184	0.0006478870564774	0.000864209694555	0.0010571142805184	0.000864209694555	0.0006478870564774	0.0010239597759393	0.0010239597759393	sub-20966	ses-1				space-ACPC			DSIStudio	autotrackgqi
CranialNerve_CNVIIL	ad	DSIStudio	/scratch/executivefunction/SLURM_8364170_114/job-8364170-114-sub-20966-ses-1/ds/inputs/data/qsiprep/qsiprep/sub-20966/ses-1/dwi/sub-20966_ses-1_space-ACPC_desc-preproc_dwi.nii.gz	0.0	1.5169258655341693	0.8302324522531985	1.2062796354293823	1.5169258655341693	1.2062796354293823	0.8302324522531985	1.4079596791744842	1.4079596791744842	sub-20966	ses-1				space-ACPC			DSIStudio	autotrackgqi
CranialNerve_CNVIIL	dti_fa	DSIStudio	/scratch/executivefunction/SLURM_8364170_114/job-8364170-114-sub-20966-ses-1/ds/inputs/data/qsiprep/qsiprep/sub-20966/ses-1/dwi/sub-20966_ses-1_space-ACPC_desc-preproc_dwi.nii.gz	0.0	0.2955719398402301	0.1769923891977027	0.244279533624649	0.2955719398402301	0.244279533624649	0.1769923891977027	0.3413324341631982	0.3413324341631982	sub-20966	ses-1				space-ACPC			DSIStudio	autotrackgqi
CranialNerve_CNVIIL	gfa	DSIStudio	/scratch/executivefunction/SLURM_8364170_114/job-8364170-114-sub-20966-ses-1/ds/inputs/data/qsiprep/qsiprep/sub-20966/ses-1/dwi/sub-20966_ses-1_space-ACPC_desc-preproc_dwi.nii.gz	0.0	0.0683971294532949	0.0374193064326352	0.0571732819080352	0.0683971294532949	0.0571732819080352	0.0374193064326352	0.075215115532332	0.075215115532332	sub-20966	ses-1				space-ACPC			DSIStudio	autotrackgqi
CranialNerve_CNVIIL	ha	DSIStudio	/scratch/executivefunction/SLURM_8364170_114/job-8364170-114-sub-20966-ses-1/ds/inputs/data/qsiprep/qsiprep/sub-20966/ses-1/dwi/sub-20966_ses-1_space-ACPC_desc-preproc_dwi.nii.gz	0.0	1.5906660825449614	39.70219591344819	2.6956593990325928	1.5906660825449614	2.6956593990325928	39.70219591344819	0.6152816210494971	0.6152816210494971	sub-20966	ses-1				space-ACPC			DSIStudio	autotrackgqi
CranialNerve_CNVIIL	iso	DSIStudio	/scratch/executivefunction/SLURM_8364170_114/job-8364170-114-sub-20966-ses-1/ds/inputs/data/qsiprep/qsiprep/sub-20966/ses-1/dwi/sub-20966_ses-1_space-ACPC_desc-preproc_dwi.nii.gz	0.0	0.5078779053866957	0.1868723367728056	0.5220211744308472	0.5078779053866957	0.5220211744308472	0.1868723367728056	0.5233328574641549	0.5233328574641549	sub-20966	ses-1				space-ACPC			DSIStudio	autotrackgqi
CranialNerve_CNVIIL	md	DSIStudio	/scratch/executivefunction/SLURM_8364170_114/job-8364170-114-sub-20966-ses-1/ds/inputs/data/qsiprep/qsiprep/sub-20966/ses-1/dwi/sub-20966_ses-1_space-ACPC_desc-preproc_dwi.nii.gz	0.0	1.178267627954483	0.7292910928636934	0.856057345867157	1.178267627954483	0.856057345867157	0.7292910928636934	1.0487532970479798	1.0487532970479798	sub-20966	ses-1				space-ACPC			DSIStudio	autotrackgqi
CranialNerve_CNVIIL	qa	DSIStudio	/scratch/executivefunction/SLURM_8364170_114/job-8364170-114-sub-20966-ses-1/ds/inputs/data/qsiprep/qsiprep/sub-20966/ses-1/dwi/sub-20966_ses-1_space-ACPC_desc-preproc_dwi.nii.gz	0.0	0.1515476771940787	0.0994395826342204	0.1224464997649192	0.1515476771940787	0.1224464997649192	0.0994395826342204	0.1778267020594744	0.1778267020594744	sub-20966	ses-1				space-ACPC			DSIStudio	autotrackgqi
CranialNerve_CNVIIL	rd1	DSIStudio	/scratch/executivefunction/SLURM_8364170_114/job-8364170-114-sub-20966-ses-1/ds/inputs/data/qsiprep/qsiprep/sub-20966/ses-1/dwi/sub-20966_ses-1_space-ACPC_desc-preproc_dwi.nii.gz	0.0	1.111323923861246	0.7219318432339146	0.822026252746582	1.111323923861246	0.822026252746582	0.7219318432339146	0.9691077798006866	0.9691077798006866	sub-20966	ses-1				space-ACPC			DSIStudio	autotrackgqi
CranialNerve_CNVIIL	rd2	DSIStudio	/scratch/executivefunction/SLURM_8364170_114/job-8364170-114-sub-20966-ses-1/ds/inputs/data/qsiprep/qsiprep/sub-20966/ses-1/dwi/sub-20966_ses-1_space-ACPC_desc-preproc_dwi.nii.gz	0.0	0.906553086476021	0.6869464500920586	0.6670920848846436	0.906553086476021	0.6670920848846436	0.6869464500920586	0.7691924171616871	0.7691924171616871	sub-20966	ses-1				space-ACPC			DSIStudio	autotrackgqi
CranialNerve_CNVIIL	rd	DSIStudio	/scratch/executivefunction/SLURM_8364170_114/job-8364170-114-sub-20966-ses-1/ds/inputs/data/qsiprep/qsiprep/sub-20966/ses-1/dwi/sub-20966_ses-1_space-ACPC_desc-preproc_dwi.nii.gz	0.0	1.0089385055629374	0.7013615290236485	0.741955578327179	1.0089385055629374	0.741955578327179	0.7013615290236485	0.8691501026223785	0.8691501026223785	sub-20966	ses-1				space-ACPC			DSIStudio	autotrackgqi
CranialNerve_CNVIIL	txx	DSIStudio	/scratch/executivefunction/SLURM_8364170_114/job-8364170-114-sub-20966-ses-1/ds/inputs/data/qsiprep/qsiprep/sub-20966/ses-1/dwi/sub-20966_ses-1_space-ACPC_desc-preproc_dwi.nii.gz	0.0	0.0011232975540435	0.0007322066310187	0.000863840454258	0.0011232975540435	0.000863840454258	0.0007322066310187	0.0009738877653203	0.0009738877653203	sub-20966	ses-1				space-ACPC			DSIStudio	autotrackgqi
CranialNerve_CNVIIL	txy	DSIStudio	/scratch/executivefunction/SLURM_8364170_114/job-8364170-114-sub-20966-ses-1/ds/inputs/data/qsiprep/qsiprep/sub-20966/ses-1/dwi/sub-20966_ses-1_space-ACPC_desc-preproc_dwi.nii.gz	0.0	1.798633582617267e-05	0.0001556646103729	5.238980520516634e-06	1.798633582617267e-05	5.238980520516634e-06	0.0001556646103729	-1.0362060001536522e-05	-1.0362060001536522e-05	sub-20966	ses-1				space-ACPC			DSIStudio	autotrackgqi
CranialNerve_CNVIIL	txz	DSIStudio	/scratch/executivefunction/SLURM_8364170_114/job-8364170-114-sub-20966-ses-1/ds/inputs/data/qsiprep/qsiprep/sub-20966/ses-1/dwi/sub-20966_ses-1_space-ACPC_desc-preproc_dwi.nii.gz	0.0	1.9619070427880954e-05	0.0001153905482605	2.189785118389409e-05	1.9619070427880954e-05	2.189785118389409e-05	0.0001153905482605	2.336842214589156e-05	2.336842214589156e-05	sub-20966	ses-1				space-ACPC			DSIStudio	autotrackgqi
CranialNerve_CNVIIL	tyy	DSIStudio	/scratch/executivefunction/SLURM_8364170_114/job-8364170-114-sub-20966-ses-1/ds/inputs/data/qsiprep/qsiprep/sub-20966/ses-1/dwi/sub-20966_ses-1_space-ACPC_desc-preproc_dwi.nii.gz	0.0	0.0012540150063015	0.0007488528954562	0.0009790898766368	0.0012540150063015	0.0009790898766368	0.0007488528954562	0.0011042343840475	0.0011042343840475	sub-20966	ses-1				space-ACPC			DSIStudio	autotrackgqi
CranialNerve_CNVIIL	tyz	DSIStudio	/scratch/executivefunction/SLURM_8364170_114/job-8364170-114-sub-20966-ses-1/ds/inputs/data/qsiprep/qsiprep/sub-20966/ses-1/dwi/sub-20966_ses-1_space-ACPC_desc-preproc_dwi.nii.gz	0.0	3.557541384723715e-05	0.0001558738709598	1.984716800507158e-05	3.557541384723715e-05	1.984716800507158e-05	0.0001558738709598	6.960807789541999e-05	6.960807789541999e-05	sub-20966	ses-1				space-ACPC			DSIStudio	autotrackgqi
CranialNerve_CNVIIL	tzz	DSIStudio	/scratch/executivefunction/SLURM_8364170_114/job-8364170-114-sub-20966-ses-1/ds/inputs/data/qsiprep/qsiprep/sub-20966/ses-1/dwi/sub-20966_ses-1_space-ACPC_desc-preproc_dwi.nii.gz	0.0	0.0011574903160619	0.0008010206268618	0.000898222264368	0.0011574903160619	0.000898222264368	0.0008010206268618	0.0010681377266509	0.0010681377266509	sub-20966	ses-1				space-ACPC			DSIStudio	autotrackgqi
CranialNerve_CNVIIIL	ad	DSIStudio	/scratch/executivefunction/SLURM_8364170_114/job-8364170-114-sub-20966-ses-1/ds/inputs/data/qsiprep/qsiprep/sub-20966/ses-1/dwi/sub-20966_ses-1_space-ACPC_desc-preproc_dwi.nii.gz	0.0	1.1572184254039417	0.4564244751050543	1.0151408910751345	1.1572184254039417	1.0151408910751345	0.4564244751050543	1.2434320627707631	1.2434320627707631	sub-20966	ses-1				space-ACPC			DSIStudio	autotrackgqi
CranialNerve_CNVIIIL	dti_fa	DSIStudio	/scratch/executivefunction/SLURM_8364170_114/job-8364170-114-sub-20966-ses-1/ds/inputs/data/qsiprep/qsiprep/sub-20966/ses-1/dwi/sub-20966_ses-1_space-ACPC_desc-preproc_dwi.nii.gz	0.0	0.3259178508872336	0.1751977995888965	0.2753620743751526	0.3259178508872336	0.2753620743751526	0.1751977995888965	0.4049372103196866	0.4049372103196866	sub-20966	ses-1				space-ACPC			DSIStudio	autotrackgqi
CranialNerve_CNVIIIL	gfa	DSIStudio	/scratch/executivefunction/SLURM_8364170_114/job-8364170-114-sub-20966-ses-1/ds/inputs/data/qsiprep/qsiprep/sub-20966/ses-1/dwi/sub-20966_ses-1_space-ACPC_desc-preproc_dwi.nii.gz	0.0	0.0662861957583915	0.035551530380456	0.0547635816037654	0.0662861957583915	0.0547635816037654	0.035551530380456	0.0844285960887299	0.0844285960887299	sub-20966	ses-1				space-ACPC			DSIStudio	autotrackgqi
CranialNerve_CNVIIIL	ha	DSIStudio	/scratch/executivefunction/SLURM_8364170_114/job-8364170-114-sub-20966-ses-1/ds/inputs/data/qsiprep/qsiprep/sub-20966/ses-1/dwi/sub-20966_ses-1_space-ACPC_desc-preproc_dwi.nii.gz	0.0	20.250738732207907	36.003270623157306	25.191585540771484	20.250738732207907	25.191585540771484	36.003270623157306	11.061622647720624	11.061622647720624	sub-20966	ses-1				space-ACPC			DSIStudio	autotrackgqi
CranialNerve_CNVIIIL	iso	DSIStudio	/scratch/executivefunction/SLURM_8364170_114/job-8364170-114-sub-20966-ses-1/ds/inputs/data/qsiprep/qsiprep/sub-20966/ses-1/dwi/sub-20966_ses-1_space-ACPC_desc-preproc_dwi.nii.gz	0.0	0.5728790674101223	0.1099144756106982	0.5877676606178284	0.5728790674101223	0.5877676606178284	0.1099144756106982	0.5396547953192546	0.5396547953192546	sub-20966	ses-1				space-ACPC			DSIStudio	autotrackgqi
CranialNerve_CNVIIIL	md	DSIStudio	/scratch/executivefunction/SLURM_8364170_114/job-8364170-114-sub-20966-ses-1/ds/inputs/data/qsiprep/qsiprep/sub-20966/ses-1/dwi/sub-20966_ses-1_space-ACPC_desc-preproc_dwi.nii.gz	0.0	0.8567373036037792	0.3831473148291257	0.7281132340431213	0.8567373036037792	0.7281132340431213	0.3831473148291257	0.8564562860000653	0.8564562860000653	sub-20966	ses-1				space-ACPC			DSIStudio	autotrackgqi
CranialNerve_CNVIIIL	qa	DSIStudio	/scratch/executivefunction/SLURM_8364170_114/job-8364170-114-sub-20966-ses-1/ds/inputs/data/qsiprep/qsiprep/sub-20966/ses-1/dwi/sub-20966_ses-1_space-ACPC_desc-preproc_dwi.nii.gz	0.0	0.1639018881551244	0.0950675597842563	0.1306736022233963	0.1639018881551244	0.1306736022233963	0.0950675597842563	0.2070313896353857	0.2070313896353857	sub-20966	ses-1				space-ACPC			DSIStudio	autotrackgqi
CranialNerve_CNVIIIL	rd1	DSIStudio	/scratch/executivefunction/SLURM_8364170_114/job-8364170-114-sub-20966-ses-1/ds/inputs/data/qsiprep/qsiprep/sub-20966/ses-1/dwi/sub-20966_ses-1_space-ACPC_desc-preproc_dwi.nii.gz	0.0	0.7893467216816815	0.3911562793255759	0.6843454837799072	0.7893467216816815	0.6843454837799072	0.3911562793255759	0.7536372803791381	0.7536372803791381	sub-20966	ses-1				space-ACPC			DSIStudio	autotrackgqi
CranialNerve_CNVIIIL	rd2	DSIStudio	/scratch/executivefunction/SLURM_8364170_114/job-8364170-114-sub-20966-ses-1/ds/inputs/data/qsiprep/qsiprep/sub-20966/ses-1/dwi/sub-20966_ses-1_space-ACPC_desc-preproc_dwi.nii.gz	0.0	0.6236467639695514	0.3759581107656821	0.5427966713905334	0.6236467639695514	0.5427966713905334	0.3759581107656821	0.5722995055308215	0.5722995055308215	sub-20966	ses-1				space-ACPC			DSIStudio	autotrackgqi
CranialNerve_CNVIIIL	rd	DSIStudio	/scratch/executivefunction/SLURM_8364170_114/job-8364170-114-sub-20966-ses-1/ds/inputs/data/qsiprep/qsiprep/sub-20966/ses-1/dwi/sub-20966_ses-1_space-ACPC_desc-preproc_dwi.nii.gz	0.0	0.7064967433647676	0.3794178578333653	0.6059507131576538	0.7064967433647676	0.6059507131576538	0.3794178578333653	0.662968398615766	0.662968398615766	sub-20966	ses-1				space-ACPC			DSIStudio	autotrackgqi
CranialNerve_CNVIIIL	txx	DSIStudio	/scratch/executivefunction/SLURM_8364170_114/job-8364170-114-sub-20966-ses-1/ds/inputs/data/qsiprep/qsiprep/sub-20966/ses-1/dwi/sub-20966_ses-1_space-ACPC_desc-preproc_dwi.nii.gz	0.0	0.0007955883405467	0.0004071020902632	0.0006847115000709	0.0007955883405467	0.0006847115000709	0.0004071020902632	0.0007640852856084	0.0007640852856084	sub-20966	ses-1				space-ACPC			DSIStudio	autotrackgqi
CranialNerve_CNVIIIL	txy	DSIStudio	/scratch/executivefunction/SLURM_8364170_114/job-8364170-114-sub-20966-ses-1/ds/inputs/data/qsiprep/qsiprep/sub-20966/ses-1/dwi/sub-20966_ses-1_space-ACPC_desc-preproc_dwi.nii.gz	0.0	-2.5677143508305147e-06	0.0001439855772781	-3.792929783230648e-05	-2.5677143508305147e-06	-3.792929783230648e-05	0.0001439855772781	-3.3865754319953677e-06	-3.3865754319953677e-06	sub-20966	ses-1				space-ACPC			DSIStudio	autotrackgqi
CranialNerve_CNVIIIL	txz	DSIStudio	/scratch/executivefunction/SLURM_8364170_114/job-8364170-114-sub-20966-ses-1/ds/inputs/data/qsiprep/qsiprep/sub-20966/ses-1/dwi/sub-20966_ses-1_space-ACPC_desc-preproc_dwi.nii.gz	0.0	-4.994669277369791e-05	0.0001118970507779	-5.489922114065848e-05	-4.994669277369791e-05	-5.489922114065848e-05	0.0001118970507779	-1.236565335655712e-05	-1.236565335655712e-05	sub-20966	ses-1				space-ACPC			DSIStudio	autotrackgqi
CranialNerve_CNVIIIL	tyy	DSIStudio	/scratch/executivefunction/SLURM_8364170_114/job-8364170-114-sub-20966-ses-1/ds/inputs/data/qsiprep/qsiprep/sub-20966/ses-1/dwi/sub-20966_ses-1_space-ACPC_desc-preproc_dwi.nii.gz	0.0	0.0009307964107614	0.000441437918681	0.0008035918581299	0.0009307964107614	0.0008035918581299	0.000441437918681	0.000948037611642	0.000948037611642	sub-20966	ses-1				space-ACPC			DSIStudio	autotrackgqi
CranialNerve_CNVIIIL	tyz	DSIStudio	/scratch/executivefunction/SLURM_8364170_114/job-8364170-114-sub-20966-ses-1/ds/inputs/data/qsiprep/qsiprep/sub-20966/ses-1/dwi/sub-20966_ses-1_space-ACPC_desc-preproc_dwi.nii.gz	0.0	5.3665611620426094e-05	0.0001380537649999	4.895694291917607e-05	5.3665611620426094e-05	4.895694291917607e-05	0.0001380537649999	9.917724963321856e-05	9.917724963321856e-05	sub-20966	ses-1				space-ACPC			DSIStudio	autotrackgqi
CranialNerve_CNVIIIL	tzz	DSIStudio	/scratch/executivefunction/SLURM_8364170_114/job-8364170-114-sub-20966-ses-1/ds/inputs/data/qsiprep/qsiprep/sub-20966/ses-1/dwi/sub-20966_ses-1_space-ACPC_desc-preproc_dwi.nii.gz	0.0	0.0008438271596625	0.0004079910080781	0.0007680007256567	0.0008438271596625	0.0007680007256567	0.0004079910080781	0.0008572459519613	0.0008572459519613	sub-20966	ses-1				space-ACPC			DSIStudio	autotrackgqi
CranialNerve_CNIIIR	ad	DSIStudio	/scratch/executivefunction/SLURM_8364170_114/job-8364170-114-sub-20966-ses-1/ds/inputs/data/qsiprep/qsiprep/sub-20966/ses-1/dwi/sub-20966_ses-1_space-ACPC_desc-preproc_dwi.nii.gz	0.0	1.8195028244881404	0.8889514760194173	1.4381157159805298	1.8195028244881404	1.4381157159805298	0.8889514760194173	1.820109849405771	1.820109849405771	sub-20966	ses-1				space-ACPC			DSIStudio	autotrackgqi
CranialNerve_CNIIIR	dti_fa	DSIStudio	/scratch/executivefunction/SLURM_8364170_114/job-8364170-114-sub-20966-ses-1/ds/inputs/data/qsiprep/qsiprep/sub-20966/ses-1/dwi/sub-20966_ses-1_space-ACPC_desc-preproc_dwi.nii.gz	0.0	0.3089290880021594	0.1595451836048508	0.2837983071804046	0.3089290880021594	0.2837983071804046	0.1595451836048508	0.2890690736283595	0.2890690736283595	sub-20966	ses-1				space-ACPC			DSIStudio	autotrackgqi
CranialNerve_CNIIIR	gfa	DSIStudio	/scratch/executivefunction/SLURM_8364170_114/job-8364170-114-sub-20966-ses-1/ds/inputs/data/qsiprep/qsiprep/sub-20966/ses-1/dwi/sub-20966_ses-1_space-ACPC_desc-preproc_dwi.nii.gz	0.0	0.0788229163753844	0.0298347315379991	0.0781762152910232	0.0788229163753844	0.0781762152910232	0.0298347315379991	0.0751785723573676	0.0751785723573676	sub-20966	ses-1				space-ACPC			DSIStudio	autotrackgqi
CranialNerve_CNIIIR	ha	DSIStudio	/scratch/executivefunction/SLURM_8364170_114/job-8364170-114-sub-20966-ses-1/ds/inputs/data/qsiprep/qsiprep/sub-20966/ses-1/dwi/sub-20966_ses-1_space-ACPC_desc-preproc_dwi.nii.gz	0.0	3.19735781340372	38.00636953090654	3.2896173000335693	3.19735781340372	3.2896173000335693	38.00636953090654	1.9754946556451476	1.9754946556451476	sub-20966	ses-1				space-ACPC			DSIStudio	autotrackgqi
CranialNerve_CNIIIR	iso	DSIStudio	/scratch/executivefunction/SLURM_8364170_114/job-8364170-114-sub-20966-ses-1/ds/inputs/data/qsiprep/qsiprep/sub-20966/ses-1/dwi/sub-20966_ses-1_space-ACPC_desc-preproc_dwi.nii.gz	0.0	0.4139855768992787	0.1343691724572177	0.4359295666217804	0.4139855768992787	0.4359295666217804	0.1343691724572177	0.4162677404529657	0.4162677404529657	sub-20966	ses-1				space-ACPC			DSIStudio	autotrackgqi
CranialNerve_CNIIIR	md	DSIStudio	/scratch/executivefunction/SLURM_8364170_114/job-8364170-114-sub-20966-ses-1/ds/inputs/data/qsiprep/qsiprep/sub-20966/ses-1/dwi/sub-20966_ses-1_space-ACPC_desc-preproc_dwi.nii.gz	0.0	1.4252086253960927	0.8290372337124196	1.0742007493972778	1.4252086253960927	1.0742007493972778	0.8290372337124196	1.439183434656684	1.439183434656684	sub-20966	ses-1				space-ACPC			DSIStudio	autotrackgqi
CranialNerve_CNIIIR	qa	DSIStudio	/scratch/executivefunction/SLURM_8364170_114/job-8364170-114-sub-20966-ses-1/ds/inputs/data/qsiprep/qsiprep/sub-20966/ses-1/dwi/sub-20966_ses-1_space-ACPC_desc-preproc_dwi.nii.gz	0.0	0.1543528155716402	0.0869562627311779	0.1436129063367843	0.1543528155716402	0.1436129063367843	0.0869562627311779	0.1447813705791646	0.1447813705791646	sub-20966	ses-1				space-ACPC			DSIStudio	autotrackgqi
CranialNerve_CNIIIR	rd1	DSIStudio	/scratch/executivefunction/SLURM_8364170_114/job-8364170-114-sub-20966-ses-1/ds/inputs/data/qsiprep/qsiprep/sub-20966/ses-1/dwi/sub-20966_ses-1_space-ACPC_desc-preproc_dwi.nii.gz	0.0	1.3512418356395903	0.8271727235886144	0.9884079694747924	1.3512418356395903	0.9884079694747924	0.8271727235886144	1.3628454877724252	1.3628454877724252	sub-20966	ses-1				space-ACPC			DSIStudio	autotrackgqi
CranialNerve_CNIIIR	rd2	DSIStudio	/scratch/executivefunction/SLURM_8364170_114/job-8364170-114-sub-20966-ses-1/ds/inputs/data/qsiprep/qsiprep/sub-20966/ses-1/dwi/sub-20966_ses-1_space-ACPC_desc-preproc_dwi.nii.gz	0.0	1.1048812148116884	0.8043519573643447	0.7786404490470886	1.1048812148116884	0.7786404490470886	0.8043519573643447	1.1345949672910391	1.1345949672910391	sub-20966	ses-1				space-ACPC			DSIStudio	autotrackgqi
CranialNerve_CNIIIR	rd	DSIStudio	/scratch/executivefunction/SLURM_8364170_114/job-8364170-114-sub-20966-ses-1/ds/inputs/data/qsiprep/qsiprep/sub-20966/ses-1/dwi/sub-20966_ses-1_space-ACPC_desc-preproc_dwi.nii.gz	0.0	1.2280615238632475	0.8129810798201678	0.8725818395614624	1.2280615238632475	0.8725818395614624	0.8129810798201678	1.2487202213259243	1.2487202213259243	sub-20966	ses-1				space-ACPC			DSIStudio	autotrackgqi
CranialNerve_CNIIIR	txx	DSIStudio	/scratch/executivefunction/SLURM_8364170_114/job-8364170-114-sub-20966-ses-1/ds/inputs/data/qsiprep/qsiprep/sub-20966/ses-1/dwi/sub-20966_ses-1_space-ACPC_desc-preproc_dwi.nii.gz	0.0	0.0013247370753725	0.0008451165404787	0.0010450286790728	0.0013247370753725	0.0010450286790728	0.0008451165404787	0.0013360939119251	0.0013360939119251	sub-20966	ses-1				space-ACPC			DSIStudio	autotrackgqi
CranialNerve_CNIIIR	txy	DSIStudio	/scratch/executivefunction/SLURM_8364170_114/job-8364170-114-sub-20966-ses-1/ds/inputs/data/qsiprep/qsiprep/sub-20966/ses-1/dwi/sub-20966_ses-1_space-ACPC_desc-preproc_dwi.nii.gz	0.0	3.081117509693632e-06	0.0001460899797115	3.812197519437177e-06	3.081117509693632e-06	3.812197519437177e-06	0.0001460899797115	1.844765881897047e-05	1.844765881897047e-05	sub-20966	ses-1				space-ACPC			DSIStudio	autotrackgqi
CranialNerve_CNIIIR	txz	DSIStudio	/scratch/executivefunction/SLURM_8364170_114/job-8364170-114-sub-20966-ses-1/ds/inputs/data/qsiprep/qsiprep/sub-20966/ses-1/dwi/sub-20966_ses-1_space-ACPC_desc-preproc_dwi.nii.gz	0.0	1.126947348957347e-05	0.0001254811736312	6.051547643437516e-06	1.126947348957347e-05	6.051547643437516e-06	0.0001254811736312	2.705629960055718e-05	2.705629960055718e-05	sub-20966	ses-1				space-ACPC			DSIStudio	autotrackgqi
CranialNerve_CNIIIR	tyy	DSIStudio	/scratch/executivefunction/SLURM_8364170_114/job-8364170-114-sub-20966-ses-1/ds/inputs/data/qsiprep/qsiprep/sub-20966/ses-1/dwi/sub-20966_ses-1_space-ACPC_desc-preproc_dwi.nii.gz	0.0	0.0015040434608679	0.0008532686580339	0.0011969534680247	0.0015040434608679	0.0011969534680247	0.0008532686580339	0.0015284186101238	0.0015284186101238	sub-20966	ses-1				space-ACPC			DSIStudio	autotrackgqi
CranialNerve_CNIIIR	tyz	DSIStudio	/scratch/executivefunction/SLURM_8364170_114/job-8364170-114-sub-20966-ses-1/ds/inputs/data/qsiprep/qsiprep/sub-20966/ses-1/dwi/sub-20966_ses-1_space-ACPC_desc-preproc_dwi.nii.gz	0.0	-8.388379146670861e-05	0.0002125717328319	-6.612965080421418e-05	-8.388379146670861e-05	-6.612965080421418e-05	0.0002125717328319	-6.150022777688072e-05	-6.150022777688072e-05	sub-20966	ses-1				space-ACPC			DSIStudio	autotrackgqi
CranialNerve_CNIIIR	tzz	DSIStudio	/scratch/executivefunction/SLURM_8364170_114/job-8364170-114-sub-20966-ses-1/ds/inputs/data/qsiprep/qsiprep/sub-20966/ses-1/dwi/sub-20966_ses-1_space-ACPC_desc-preproc_dwi.nii.gz	0.0	0.0014468453365511	0.0008643020930437	0.0011243500048294	0.0014468453365511	0.0011243500048294	0.0008643020930437	0.00145303778194	0.00145303778194	sub-20966	ses-1				space-ACPC			DSIStudio	autotrackgqi
