bundle	variable_name	qsirecon_suffix	source_file	zero_proportion	mean	stdev	median	masked_mean	masked_median	masked_stdev	weighted_mean	masked_weighted_mean	subject_id	session_id	task_id	dir_id	acq_id	space_id	rec_id	run_id	bundle_source	bundle_params_id
Association_ArcuateFasciculusR	ad	TORTOISE_model-tensor	/scratch/executivefunction/SLURM_8364170_77/job-8364170-77-sub-20724-ses-1/ds/inputs/data/qsiprep/qsiprep/sub-20724/ses-1/dwi/sub-20724_ses-1_space-ACPC_desc-preproc_dwi.nii.gz	0.0007380073800738	898.3835743264867	188.0850203584654	861.0287248658179	899.0470777048668	861.0770654309849	186.5625394400861	871.7828439728236	871.8359535577202	sub-20724	ses-1				space-ACPC			DSIStudio	autotrackgqi
Association_ArcuateFasciculusR	am	TORTOISE_model-tensor	/scratch/executivefunction/SLURM_8364170_77/job-8364170-77-sub-20724-ses-1/ds/inputs/data/qsiprep/qsiprep/sub-20724/ses-1/dwi/sub-20724_ses-1_space-ACPC_desc-preproc_dwi.nii.gz	0.0007380073800738	711.229248046875	231.6192169189453	669.1107788085938	711.7545166015625	669.1962890625	230.8965301513672	573.9904174804688	574.0253295898438	sub-20724	ses-1				space-ACPC			DSIStudio	autotrackgqi
Association_ArcuateFasciculusR	fa	TORTOISE_model-tensor	/scratch/executivefunction/SLURM_8364170_77/job-8364170-77-sub-20724-ses-1/ds/inputs/data/qsiprep/qsiprep/sub-20724/ses-1/dwi/sub-20724_ses-1_space-ACPC_desc-preproc_dwi.nii.gz	0.0007380073800738	0.2933013048850718	0.1768478429425697	0.2499424201259773	0.2935179232786353	0.2503672690637678	0.1767333486293116	0.4112305321798973	0.4112555846082892	sub-20724	ses-1				space-ACPC			DSIStudio	autotrackgqi
Association_ArcuateFasciculusR	li	TORTOISE_model-tensor	/scratch/executivefunction/SLURM_8364170_77/job-8364170-77-sub-20724-ses-1/ds/inputs/data/qsiprep/qsiprep/sub-20724/ses-1/dwi/sub-20724_ses-1_space-ACPC_desc-preproc_dwi.nii.gz	0.0007380073800738	0.1677114814519882	0.1310698539018631	0.1203231066465377	0.1678353399038314	0.1205120906233787	0.131038948893547	0.2505246698856354	0.2505399286746979	sub-20724	ses-1				space-ACPC			DSIStudio	autotrackgqi
Association_ArcuateFasciculusR	rd	TORTOISE_model-tensor	/scratch/executivefunction/SLURM_8364170_77/job-8364170-77-sub-20724-ses-1/ds/inputs/data/qsiprep/qsiprep/sub-20724/ses-1/dwi/sub-20724_ses-1_space-ACPC_desc-preproc_dwi.nii.gz	0.0007380073800738	584.8123667352138	220.61383893350333	571.206324934916	585.2442813339843	571.5871944726802	220.12186640871303	455.7634342904341	455.7911997164704	sub-20724	ses-1				space-ACPC			DSIStudio	autotrackgqi
Association_CingulumL	ad	TORTOISE_model-tensor	/scratch/executivefunction/SLURM_8364170_77/job-8364170-77-sub-20724-ses-1/ds/inputs/data/qsiprep/qsiprep/sub-20724/ses-1/dwi/sub-20724_ses-1_space-ACPC_desc-preproc_dwi.nii.gz	0.0	903.810009886938	170.7081578863255	857.9652343460348	903.810009886938	857.9652343460348	170.7081578863255	957.838524264878	957.838524264878	sub-20724	ses-1				space-ACPC			DSIStudio	autotrackgqi
Association_CingulumL	am	TORTOISE_model-tensor	/scratch/executivefunction/SLURM_8364170_77/job-8364170-77-sub-20724-ses-1/ds/inputs/data/qsiprep/qsiprep/sub-20724/ses-1/dwi/sub-20724_ses-1_space-ACPC_desc-preproc_dwi.nii.gz	0.0	614.1869506835938	205.78372192382807	585.6041259765625	614.1869506835938	585.6041259765625	205.78372192382807	511.6951904296875	511.6951904296875	sub-20724	ses-1				space-ACPC			DSIStudio	autotrackgqi
Association_CingulumL	fa	TORTOISE_model-tensor	/scratch/executivefunction/SLURM_8364170_77/job-8364170-77-sub-20724-ses-1/ds/inputs/data/qsiprep/qsiprep/sub-20724/ses-1/dwi/sub-20724_ses-1_space-ACPC_desc-preproc_dwi.nii.gz	0.0	0.3092951411278382	0.1954757812131889	0.2508762157789964	0.3092951411278382	0.2508762157789964	0.1954757812131889	0.4809706488203287	0.4809706488203287	sub-20724	ses-1				space-ACPC			DSIStudio	autotrackgqi
Association_CingulumL	li	TORTOISE_model-tensor	/scratch/executivefunction/SLURM_8364170_77/job-8364170-77-sub-20724-ses-1/ds/inputs/data/qsiprep/qsiprep/sub-20724/ses-1/dwi/sub-20724_ses-1_space-ACPC_desc-preproc_dwi.nii.gz	0.0002431019812811	0.1801924258470535	0.154344841837883	0.124292679131031	0.1802362501621246	0.1243428736925125	0.1543380320072174	0.3175375163555145	0.3175811767578125	sub-20724	ses-1				space-ACPC			DSIStudio	autotrackgqi
Association_CingulumL	rd	TORTOISE_model-tensor	/scratch/executivefunction/SLURM_8364170_77/job-8364170-77-sub-20724-ses-1/ds/inputs/data/qsiprep/qsiprep/sub-20724/ses-1/dwi/sub-20724_ses-1_space-ACPC_desc-preproc_dwi.nii.gz	0.0	560.7016772792584	182.91960737812013	578.1339561958757	560.7016772792584	578.1339561958757	182.91960737812013	421.6313305072333	421.6313305072333	sub-20724	ses-1				space-ACPC			DSIStudio	autotrackgqi
Association_SuperiorLongitudinalFasciculusL	ad	TORTOISE_model-tensor	/scratch/executivefunction/SLURM_8364170_77/job-8364170-77-sub-20724-ses-1/ds/inputs/data/qsiprep/qsiprep/sub-20724/ses-1/dwi/sub-20724_ses-1_space-ACPC_desc-preproc_dwi.nii.gz	0.0035367659154466	881.1287622143344	219.9585609564764	833.3985066307117	884.2561692944183	833.8588323779691	213.9814521522096	855.9671953754766	856.1318671291808	sub-20724	ses-1				space-ACPC			DSIStudio	autotrackgqi
Association_SuperiorLongitudinalFasciculusL	am	TORTOISE_model-tensor	/scratch/executivefunction/SLURM_8364170_77/job-8364170-77-sub-20724-ses-1/ds/inputs/data/qsiprep/qsiprep/sub-20724/ses-1/dwi/sub-20724_ses-1_space-ACPC_desc-preproc_dwi.nii.gz	0.0033722651751932	712.6748657226562	236.89010620117188	677.9319458007812	715.0863037109375	679.0151977539062	233.62876892089844	600.01806640625	600.1270751953125	sub-20724	ses-1				space-ACPC			DSIStudio	autotrackgqi
Association_SuperiorLongitudinalFasciculusL	fa	TORTOISE_model-tensor	/scratch/executivefunction/SLURM_8364170_77/job-8364170-77-sub-20724-ses-1/ds/inputs/data/qsiprep/qsiprep/sub-20724/ses-1/dwi/sub-20724_ses-1_space-ACPC_desc-preproc_dwi.nii.gz	0.0037835170258266	0.2623920445849437	0.1759274485520429	0.2010460028781554	0.2633885797608773	0.2019973179962258	0.1755150635342804	0.3844552402875774	0.38453463514589	sub-20724	ses-1				space-ACPC			DSIStudio	autotrackgqi
Association_SuperiorLongitudinalFasciculusL	li	TORTOISE_model-tensor	/scratch/executivefunction/SLURM_8364170_77/job-8364170-77-sub-20724-ses-1/ds/inputs/data/qsiprep/qsiprep/sub-20724/ses-1/dwi/sub-20724_ses-1_space-ACPC_desc-preproc_dwi.nii.gz	0.0055930251686132	0.1479753106832504	0.1281666308641433	0.0952381640672683	0.1488076001405716	0.0961094051599502	0.128043845295906	0.2407558262348175	0.240896925330162	sub-20724	ses-1				space-ACPC			DSIStudio	autotrackgqi
Association_SuperiorLongitudinalFasciculusL	rd	TORTOISE_model-tensor	/scratch/executivefunction/SLURM_8364170_77/job-8364170-77-sub-20724-ses-1/ds/inputs/data/qsiprep/qsiprep/sub-20724/ses-1/dwi/sub-20724_ses-1_space-ACPC_desc-preproc_dwi.nii.gz	0.0035367659154466	606.5694879554619	252.7134855406097	583.9830136038356	608.7223965796538	584.8745189002842	250.5598853816216	473.20976084065455	473.30079733666446	sub-20724	ses-1				space-ACPC			DSIStudio	autotrackgqi
Association_UncinateFasciculusR	ad	TORTOISE_model-tensor	/scratch/executivefunction/SLURM_8364170_77/job-8364170-77-sub-20724-ses-1/ds/inputs/data/qsiprep/qsiprep/sub-20724/ses-1/dwi/sub-20724_ses-1_space-ACPC_desc-preproc_dwi.nii.gz	0.0017521902377972	930.9033787664596	200.6903657646396	891.4862049870679	932.5373616278852	891.744425203937	197.0369737456286	985.380042183332	985.4325521080611	sub-20724	ses-1				space-ACPC			DSIStudio	autotrackgqi
Association_UncinateFasciculusR	am	TORTOISE_model-tensor	/scratch/executivefunction/SLURM_8364170_77/job-8364170-77-sub-20724-ses-1/ds/inputs/data/qsiprep/qsiprep/sub-20724/ses-1/dwi/sub-20724_ses-1_space-ACPC_desc-preproc_dwi.nii.gz	0.0017521902377972	712.6900024414062	366.7300109863281	627.9404296875	713.94091796875	628.1334228515625	365.8330993652344	598.836669921875	598.8685913085938	sub-20724	ses-1				space-ACPC			DSIStudio	autotrackgqi
Association_UncinateFasciculusR	fa	TORTOISE_model-tensor	/scratch/executivefunction/SLURM_8364170_77/job-8364170-77-sub-20724-ses-1/ds/inputs/data/qsiprep/qsiprep/sub-20724/ses-1/dwi/sub-20724_ses-1_space-ACPC_desc-preproc_dwi.nii.gz	0.0017521902377972	0.2626640677819637	0.160821406719734	0.215679916691038	0.2631251130363453	0.216003217425819	0.1605852098894093	0.3879608475866843	0.3879815216200182	sub-20724	ses-1				space-ACPC			DSIStudio	autotrackgqi
Association_UncinateFasciculusR	li	TORTOISE_model-tensor	/scratch/executivefunction/SLURM_8364170_77/job-8364170-77-sub-20724-ses-1/ds/inputs/data/qsiprep/qsiprep/sub-20724/ses-1/dwi/sub-20724_ses-1_space-ACPC_desc-preproc_dwi.nii.gz	0.0017521902377972	0.1458961069583892	0.1175208315253257	0.1012316271662712	0.1461521834135055	0.1014196127653122	0.1174647212028503	0.2448711097240448	0.2448841631412506	sub-20724	ses-1				space-ACPC			DSIStudio	autotrackgqi
Association_UncinateFasciculusR	rd	TORTOISE_model-tensor	/scratch/executivefunction/SLURM_8364170_77/job-8364170-77-sub-20724-ses-1/ds/inputs/data/qsiprep/qsiprep/sub-20724/ses-1/dwi/sub-20724_ses-1_space-ACPC_desc-preproc_dwi.nii.gz	0.0017521902377972	628.5011208541151	217.2566289520788	600.5363534622193	629.604307375173	600.794397224628	215.84420576201492	522.3040314688803	522.331864593501	sub-20724	ses-1				space-ACPC			DSIStudio	autotrackgqi
Association_FrontalAslantTractR	ad	TORTOISE_model-tensor	/scratch/executivefunction/SLURM_8364170_77/job-8364170-77-sub-20724-ses-1/ds/inputs/data/qsiprep/qsiprep/sub-20724/ses-1/dwi/sub-20724_ses-1_space-ACPC_desc-preproc_dwi.nii.gz	0.0	928.690436429362	241.5988797310976	872.8577297118866	928.690436429362	872.8577297118866	241.5988797310976	886.5672225448641	886.5672225448641	sub-20724	ses-1				space-ACPC			DSIStudio	autotrackgqi
Association_FrontalAslantTractR	am	TORTOISE_model-tensor	/scratch/executivefunction/SLURM_8364170_77/job-8364170-77-sub-20724-ses-1/ds/inputs/data/qsiprep/qsiprep/sub-20724/ses-1/dwi/sub-20724_ses-1_space-ACPC_desc-preproc_dwi.nii.gz	0.0	696.9269409179688	262.3847961425781	635.9755859375	696.9269409179688	635.9755859375	262.3847961425781	557.6119384765625	557.6119384765625	sub-20724	ses-1				space-ACPC			DSIStudio	autotrackgqi
Association_FrontalAslantTractR	fa	TORTOISE_model-tensor	/scratch/executivefunction/SLURM_8364170_77/job-8364170-77-sub-20724-ses-1/ds/inputs/data/qsiprep/qsiprep/sub-20724/ses-1/dwi/sub-20724_ses-1_space-ACPC_desc-preproc_dwi.nii.gz	0.0	0.3207036462181829	0.1895345793578674	0.2948712381226474	0.3207036462181829	0.2948712381226474	0.1895345793578674	0.4283258240511549	0.4283258240511549	sub-20724	ses-1				space-ACPC			DSIStudio	autotrackgqi
Association_FrontalAslantTractR	li	TORTOISE_model-tensor	/scratch/executivefunction/SLURM_8364170_77/job-8364170-77-sub-20724-ses-1/ds/inputs/data/qsiprep/qsiprep/sub-20724/ses-1/dwi/sub-20724_ses-1_space-ACPC_desc-preproc_dwi.nii.gz	0.0	0.1912457048892974	0.1444383859634399	0.1522978842258453	0.1912457048892974	0.1522978842258453	0.1444383859634399	0.2752774655818939	0.2752774655818939	sub-20724	ses-1				space-ACPC			DSIStudio	autotrackgqi
Association_FrontalAslantTractR	rd	TORTOISE_model-tensor	/scratch/executivefunction/SLURM_8364170_77/job-8364170-77-sub-20724-ses-1/ds/inputs/data/qsiprep/qsiprep/sub-20724/ses-1/dwi/sub-20724_ses-1_space-ACPC_desc-preproc_dwi.nii.gz	0.0	586.7179426502078	289.39963222877367	535.8029176974212	586.7179426502078	535.8029176974212	289.39963222877367	444.1069162431079	444.1069162431079	sub-20724	ses-1				space-ACPC			DSIStudio	autotrackgqi
Association_HippocampusAlveusL	ad	TORTOISE_model-tensor	/scratch/executivefunction/SLURM_8364170_77/job-8364170-77-sub-20724-ses-1/ds/inputs/data/qsiprep/qsiprep/sub-20724/ses-1/dwi/sub-20724_ses-1_space-ACPC_desc-preproc_dwi.nii.gz	0.0	1016.742070659213	252.4833384420672	944.7366347425292	1016.742070659213	944.7366347425292	252.4833384420672	1099.874651279318	1099.874651279318	sub-20724	ses-1				space-ACPC			DSIStudio	autotrackgqi
Association_HippocampusAlveusL	am	TORTOISE_model-tensor	/scratch/executivefunction/SLURM_8364170_77/job-8364170-77-sub-20724-ses-1/ds/inputs/data/qsiprep/qsiprep/sub-20724/ses-1/dwi/sub-20724_ses-1_space-ACPC_desc-preproc_dwi.nii.gz	0.0	718.4346923828125	198.3230133056641	684.7354736328125	718.4346923828125	684.7354736328125	198.3230133056641	719.1472778320312	719.1472778320312	sub-20724	ses-1				space-ACPC			DSIStudio	autotrackgqi
Association_HippocampusAlveusL	fa	TORTOISE_model-tensor	/scratch/executivefunction/SLURM_8364170_77/job-8364170-77-sub-20724-ses-1/ds/inputs/data/qsiprep/qsiprep/sub-20724/ses-1/dwi/sub-20724_ses-1_space-ACPC_desc-preproc_dwi.nii.gz	0.0	0.2649038724585036	0.1544007098756081	0.2236608014962588	0.2649038724585036	0.2236608014962588	0.1544007098756081	0.3061134533593114	0.3061134533593114	sub-20724	ses-1				space-ACPC			DSIStudio	autotrackgqi
Association_HippocampusAlveusL	li	TORTOISE_model-tensor	/scratch/executivefunction/SLURM_8364170_77/job-8364170-77-sub-20724-ses-1/ds/inputs/data/qsiprep/qsiprep/sub-20724/ses-1/dwi/sub-20724_ses-1_space-ACPC_desc-preproc_dwi.nii.gz	0.0016155088852988	0.1479725986719131	0.1082560196518898	0.1151892691850662	0.1482120305299759	0.115706518292427	0.1081796735525131	0.1798009276390075	0.1798496097326278	sub-20724	ses-1				space-ACPC			DSIStudio	autotrackgqi
Association_HippocampusAlveusL	rd	TORTOISE_model-tensor	/scratch/executivefunction/SLURM_8364170_77/job-8364170-77-sub-20724-ses-1/ds/inputs/data/qsiprep/qsiprep/sub-20724/ses-1/dwi/sub-20724_ses-1_space-ACPC_desc-preproc_dwi.nii.gz	0.0	669.5652418010874	195.12345756404252	641.3754739667294	669.5652418010874	641.3754739667294	195.12345756404252	668.5808354489038	668.5808354489038	sub-20724	ses-1				space-ACPC			DSIStudio	autotrackgqi
Association_VerticalOccipitalFasciculusL	ad	TORTOISE_model-tensor	/scratch/executivefunction/SLURM_8364170_77/job-8364170-77-sub-20724-ses-1/ds/inputs/data/qsiprep/qsiprep/sub-20724/ses-1/dwi/sub-20724_ses-1_space-ACPC_desc-preproc_dwi.nii.gz	0.0684181718664477	746.3065471819361	241.32814553768196	765.593667499711	801.1175450654509	772.8330025964672	136.40560556106064	771.8778087727371	781.1586103233287	sub-20724	ses-1				space-ACPC			DSIStudio	autotrackgqi
Association_VerticalOccipitalFasciculusL	am	TORTOISE_model-tensor	/scratch/executivefunction/SLURM_8364170_77/job-8364170-77-sub-20724-ses-1/ds/inputs/data/qsiprep/qsiprep/sub-20724/ses-1/dwi/sub-20724_ses-1_space-ACPC_desc-preproc_dwi.nii.gz	0.0684181718664477	709.2890014648438	257.2146911621094	738.5198974609375	761.3812866210938	751.9913330078125	177.07691955566406	695.671875	704.036376953125	sub-20724	ses-1				space-ACPC			DSIStudio	autotrackgqi
Association_VerticalOccipitalFasciculusL	fa	TORTOISE_model-tensor	/scratch/executivefunction/SLURM_8364170_77/job-8364170-77-sub-20724-ses-1/ds/inputs/data/qsiprep/qsiprep/sub-20724/ses-1/dwi/sub-20724_ses-1_space-ACPC_desc-preproc_dwi.nii.gz	0.0684181718664477	0.2045829368813105	0.1493313720639723	0.1519035111322912	0.2196081231975054	0.1618663200064467	0.1436592301927227	0.2948092928583129	0.2983539816155812	sub-20724	ses-1				space-ACPC			DSIStudio	autotrackgqi
Association_VerticalOccipitalFasciculusL	li	TORTOISE_model-tensor	/scratch/executivefunction/SLURM_8364170_77/job-8364170-77-sub-20724-ses-1/ds/inputs/data/qsiprep/qsiprep/sub-20724/ses-1/dwi/sub-20724_ses-1_space-ACPC_desc-preproc_dwi.nii.gz	0.0689655172413793	0.1022913753986358	0.0924814864993095	0.0679172053933143	0.109868511557579	0.0735458582639694	0.0913995578885078	0.1570470482110977	0.1589516550302505	sub-20724	ses-1				space-ACPC			DSIStudio	autotrackgqi
Association_VerticalOccipitalFasciculusL	rd	TORTOISE_model-tensor	/scratch/executivefunction/SLURM_8364170_77/job-8364170-77-sub-20724-ses-1/ds/inputs/data/qsiprep/qsiprep/sub-20724/ses-1/dwi/sub-20724_ses-1_space-ACPC_desc-preproc_dwi.nii.gz	0.0684181718664477	542.6573409108681	214.53754929129568	568.4014700728168	582.5117284630765	579.7597215617884	161.83641807770815	491.52252307850046	497.432426008974	sub-20724	ses-1				space-ACPC			DSIStudio	autotrackgqi
Association_HippocampusAlveusR	ad	TORTOISE_model-tensor	/scratch/executivefunction/SLURM_8364170_77/job-8364170-77-sub-20724-ses-1/ds/inputs/data/qsiprep/qsiprep/sub-20724/ses-1/dwi/sub-20724_ses-1_space-ACPC_desc-preproc_dwi.nii.gz	0.0	1019.8056743534728	271.2942665761955	937.0939901647234	1019.8056743534728	937.0939901647234	271.2942665761955	1100.934053265902	1100.934053265902	sub-20724	ses-1				space-ACPC			DSIStudio	autotrackgqi
Association_HippocampusAlveusR	am	TORTOISE_model-tensor	/scratch/executivefunction/SLURM_8364170_77/job-8364170-77-sub-20724-ses-1/ds/inputs/data/qsiprep/qsiprep/sub-20724/ses-1/dwi/sub-20724_ses-1_space-ACPC_desc-preproc_dwi.nii.gz	0.0	738.536376953125	240.9407196044922	699.140380859375	738.536376953125	699.140380859375	240.9407196044922	733.5836791992188	733.5836791992188	sub-20724	ses-1				space-ACPC			DSIStudio	autotrackgqi
Association_HippocampusAlveusR	fa	TORTOISE_model-tensor	/scratch/executivefunction/SLURM_8364170_77/job-8364170-77-sub-20724-ses-1/ds/inputs/data/qsiprep/qsiprep/sub-20724/ses-1/dwi/sub-20724_ses-1_space-ACPC_desc-preproc_dwi.nii.gz	0.0	0.241417670351744	0.1469470480257787	0.1949739919110525	0.241417670351744	0.1949739919110525	0.1469470480257787	0.29735304680239	0.29735304680239	sub-20724	ses-1				space-ACPC			DSIStudio	autotrackgqi
Association_HippocampusAlveusR	li	TORTOISE_model-tensor	/scratch/executivefunction/SLURM_8364170_77/job-8364170-77-sub-20724-ses-1/ds/inputs/data/qsiprep/qsiprep/sub-20724/ses-1/dwi/sub-20724_ses-1_space-ACPC_desc-preproc_dwi.nii.gz	0.00146484375	0.1334746330976486	0.1052671447396278	0.0974258258938789	0.1336704343557357	0.0975839868187904	0.1052200347185134	0.1767420172691345	0.1767574846744537	sub-20724	ses-1				space-ACPC			DSIStudio	autotrackgqi
Association_HippocampusAlveusR	rd	TORTOISE_model-tensor	/scratch/executivefunction/SLURM_8364170_77/job-8364170-77-sub-20724-ses-1/ds/inputs/data/qsiprep/qsiprep/sub-20724/ses-1/dwi/sub-20724_ses-1_space-ACPC_desc-preproc_dwi.nii.gz	0.0	701.3169377281281	222.8355660471542	664.2878831182855	701.3169377281281	664.2878831182855	222.8355660471542	687.9479536855888	687.9479536855888	sub-20724	ses-1				space-ACPC			DSIStudio	autotrackgqi
Association_CingulumR	ad	TORTOISE_model-tensor	/scratch/executivefunction/SLURM_8364170_77/job-8364170-77-sub-20724-ses-1/ds/inputs/data/qsiprep/qsiprep/sub-20724/ses-1/dwi/sub-20724_ses-1_space-ACPC_desc-preproc_dwi.nii.gz	0.0002338634237605	905.0676261881924	206.3765486113884	850.8461695058049	905.2793379136164	850.8773276844182	205.9358745789572	912.3141059267734	912.3149230303944	sub-20724	ses-1				space-ACPC			DSIStudio	autotrackgqi
Association_CingulumR	am	TORTOISE_model-tensor	/scratch/executivefunction/SLURM_8364170_77/job-8364170-77-sub-20724-ses-1/ds/inputs/data/qsiprep/qsiprep/sub-20724/ses-1/dwi/sub-20724_ses-1_space-ACPC_desc-preproc_dwi.nii.gz	0.0	630.9744262695312	208.7746124267578	605.9923095703125	630.9744262695312	605.9923095703125	208.7746124267578	509.4307556152344	509.4307556152344	sub-20724	ses-1				space-ACPC			DSIStudio	autotrackgqi
Association_CingulumR	fa	TORTOISE_model-tensor	/scratch/executivefunction/SLURM_8364170_77/job-8364170-77-sub-20724-ses-1/ds/inputs/data/qsiprep/qsiprep/sub-20724/ses-1/dwi/sub-20724_ses-1_space-ACPC_desc-preproc_dwi.nii.gz	0.0002338634237605	0.2492321163724641	0.166354982150229	0.1938038235234357	0.2492904162827267	0.1938323274325692	0.1663307545913822	0.3964711245851682	0.3964714798186458	sub-20724	ses-1				space-ACPC			DSIStudio	autotrackgqi
Association_CingulumR	li	TORTOISE_model-tensor	/scratch/executivefunction/SLURM_8364170_77/job-8364170-77-sub-20724-ses-1/ds/inputs/data/qsiprep/qsiprep/sub-20724/ses-1/dwi/sub-20724_ses-1_space-ACPC_desc-preproc_dwi.nii.gz	0.0012862488306828	0.1343264281749725	0.1215430125594139	0.0894353315234184	0.1344994306564331	0.0895833969116211	0.1215255632996559	0.2452193647623062	0.2452291548252105	sub-20724	ses-1				space-ACPC			DSIStudio	autotrackgqi
Association_CingulumR	rd	TORTOISE_model-tensor	/scratch/executivefunction/SLURM_8364170_77/job-8364170-77-sub-20724-ses-1/ds/inputs/data/qsiprep/qsiprep/sub-20724/ses-1/dwi/sub-20724_ses-1_space-ACPC_desc-preproc_dwi.nii.gz	0.0002338634237605	629.8054720886016	231.74942118685016	613.1330931407814	629.9527950060493	613.171480023181	231.57623143048107	480.5220859038879	480.5225160697598	sub-20724	ses-1				space-ACPC			DSIStudio	autotrackgqi
Association_InferiorFrontoOccipitalFasciculusL	ad	TORTOISE_model-tensor	/scratch/executivefunction/SLURM_8364170_77/job-8364170-77-sub-20724-ses-1/ds/inputs/data/qsiprep/qsiprep/sub-20724/ses-1/dwi/sub-20724_ses-1_space-ACPC_desc-preproc_dwi.nii.gz	0.0120938628158844	889.5843839290205	225.8466551205807	848.5101237882953	900.4746002131873	850.479821936292	204.51104687820367	974.0486542170454	974.7257301030736	sub-20724	ses-1				space-ACPC			DSIStudio	autotrackgqi
Association_InferiorFrontoOccipitalFasciculusL	am	TORTOISE_model-tensor	/scratch/executivefunction/SLURM_8364170_77/job-8364170-77-sub-20724-ses-1/ds/inputs/data/qsiprep/qsiprep/sub-20724/ses-1/dwi/sub-20724_ses-1_space-ACPC_desc-preproc_dwi.nii.gz	0.0120938628158844	732.3621215820312	269.6296691894531	682.2910766601562	741.32763671875	686.7503662109375	258.73492431640625	589.7818603515625	590.1918334960938	sub-20724	ses-1				space-ACPC			DSIStudio	autotrackgqi
Association_InferiorFrontoOccipitalFasciculusL	fa	TORTOISE_model-tensor	/scratch/executivefunction/SLURM_8364170_77/job-8364170-77-sub-20724-ses-1/ds/inputs/data/qsiprep/qsiprep/sub-20724/ses-1/dwi/sub-20724_ses-1_space-ACPC_desc-preproc_dwi.nii.gz	0.0120938628158844	0.2904619349890655	0.1905029519993024	0.2385669880268401	0.2940177452657451	0.2429780143865874	0.1889184462131628	0.4799522482985247	0.4802858704068695	sub-20724	ses-1				space-ACPC			DSIStudio	autotrackgqi
Association_InferiorFrontoOccipitalFasciculusL	li	TORTOISE_model-tensor	/scratch/executivefunction/SLURM_8364170_77/job-8364170-77-sub-20724-ses-1/ds/inputs/data/qsiprep/qsiprep/sub-20724/ses-1/dwi/sub-20724_ses-1_space-ACPC_desc-preproc_dwi.nii.gz	0.0120938628158844	0.1657513678073883	0.1392794400453567	0.1141644716262817	0.1677804738283157	0.1163295209407806	0.1389093101024627	0.3061014711856842	0.3063142299652099	sub-20724	ses-1				space-ACPC			DSIStudio	autotrackgqi
Association_InferiorFrontoOccipitalFasciculusL	rd	TORTOISE_model-tensor	/scratch/executivefunction/SLURM_8364170_77/job-8364170-77-sub-20724-ses-1/ds/inputs/data/qsiprep/qsiprep/sub-20724/ses-1/dwi/sub-20724_ses-1_space-ACPC_desc-preproc_dwi.nii.gz	0.0120938628158844	569.7294078863337	217.7151788481029	550.9342646165015	576.7039867879205	554.0472772033119	209.66138693394527	431.7035754679814	432.0036590607706	sub-20724	ses-1				space-ACPC			DSIStudio	autotrackgqi
Association_InferiorLongitudinalFasciculusR	ad	TORTOISE_model-tensor	/scratch/executivefunction/SLURM_8364170_77/job-8364170-77-sub-20724-ses-1/ds/inputs/data/qsiprep/qsiprep/sub-20724/ses-1/dwi/sub-20724_ses-1_space-ACPC_desc-preproc_dwi.nii.gz	0.0023807752399375	896.9800692931767	213.17451144667567	845.6612377314927	899.1206735304338	845.988238275853	208.8711551518847	977.422347464401	977.5416180110126	sub-20724	ses-1				space-ACPC			DSIStudio	autotrackgqi
Association_InferiorLongitudinalFasciculusR	am	TORTOISE_model-tensor	/scratch/executivefunction/SLURM_8364170_77/job-8364170-77-sub-20724-ses-1/ds/inputs/data/qsiprep/qsiprep/sub-20724/ses-1/dwi/sub-20724_ses-1_space-ACPC_desc-preproc_dwi.nii.gz	0.0023063760136894	735.2982788085938	250.2078857421875	698.1090698242188	736.998046875	698.7545166015625	247.9837951660156	625.7511596679688	625.8265380859375	sub-20724	ses-1				space-ACPC			DSIStudio	autotrackgqi
Association_InferiorLongitudinalFasciculusR	fa	TORTOISE_model-tensor	/scratch/executivefunction/SLURM_8364170_77/job-8364170-77-sub-20724-ses-1/ds/inputs/data/qsiprep/qsiprep/sub-20724/ses-1/dwi/sub-20724_ses-1_space-ACPC_desc-preproc_dwi.nii.gz	0.0023807752399375	0.2747802430860078	0.1789118210227413	0.2129575108807967	0.2754359942813804	0.2140033383416462	0.1786202994232466	0.4421378422779484	0.4421917944298993	sub-20724	ses-1				space-ACPC			DSIStudio	autotrackgqi
Association_InferiorLongitudinalFasciculusR	li	TORTOISE_model-tensor	/scratch/executivefunction/SLURM_8364170_77/job-8364170-77-sub-20724-ses-1/ds/inputs/data/qsiprep/qsiprep/sub-20724/ses-1/dwi/sub-20724_ses-1_space-ACPC_desc-preproc_dwi.nii.gz	0.0026039729186816	0.1502114683389663	0.1286516189575195	0.0971006378531456	0.150603637099266	0.0975210592150688	0.1285899877548217	0.2722389698028564	0.272276222705841	sub-20724	ses-1				space-ACPC			DSIStudio	autotrackgqi
Association_InferiorLongitudinalFasciculusR	rd	TORTOISE_model-tensor	/scratch/executivefunction/SLURM_8364170_77/job-8364170-77-sub-20724-ses-1/ds/inputs/data/qsiprep/qsiprep/sub-20724/ses-1/dwi/sub-20724_ses-1_space-ACPC_desc-preproc_dwi.nii.gz	0.0023807752399375	588.8654310392824	191.82823010076268	577.5119454715991	590.2707329852334	577.9142773078113	189.88517124844617	463.9591950759312	464.0158098879175	sub-20724	ses-1				space-ACPC			DSIStudio	autotrackgqi
Association_UncinateFasciculusL	ad	TORTOISE_model-tensor	/scratch/executivefunction/SLURM_8364170_77/job-8364170-77-sub-20724-ses-1/ds/inputs/data/qsiprep/qsiprep/sub-20724/ses-1/dwi/sub-20724_ses-1_space-ACPC_desc-preproc_dwi.nii.gz	0.0013283152534868	961.2395222988196	224.92985271921413	904.0059541562142	962.5180497060004	904.3789905164844	222.3288698324848	976.5974501275812	976.7480039506568	sub-20724	ses-1				space-ACPC			DSIStudio	autotrackgqi
Association_UncinateFasciculusL	am	TORTOISE_model-tensor	/scratch/executivefunction/SLURM_8364170_77/job-8364170-77-sub-20724-ses-1/ds/inputs/data/qsiprep/qsiprep/sub-20724/ses-1/dwi/sub-20724_ses-1_space-ACPC_desc-preproc_dwi.nii.gz	0.0013283152534868	807.62841796875	375.7084045410156	750.5113525390625	808.70263671875	751.0186157226562	374.8010864257813	675.5866088867188	675.6907348632812	sub-20724	ses-1				space-ACPC			DSIStudio	autotrackgqi
Association_UncinateFasciculusL	fa	TORTOISE_model-tensor	/scratch/executivefunction/SLURM_8364170_77/job-8364170-77-sub-20724-ses-1/ds/inputs/data/qsiprep/qsiprep/sub-20724/ses-1/dwi/sub-20724_ses-1_space-ACPC_desc-preproc_dwi.nii.gz	0.0013283152534868	0.237595857902731	0.1443080607179999	0.1907318726145673	0.2379118798817636	0.1908557956326261	0.1441434345329609	0.3746693627063728	0.3747271222933258	sub-20724	ses-1				space-ACPC			DSIStudio	autotrackgqi
Association_UncinateFasciculusL	li	TORTOISE_model-tensor	/scratch/executivefunction/SLURM_8364170_77/job-8364170-77-sub-20724-ses-1/ds/inputs/data/qsiprep/qsiprep/sub-20724/ses-1/dwi/sub-20724_ses-1_space-ACPC_desc-preproc_dwi.nii.gz	0.0013283152534868	0.1255904883146286	0.1019935831427574	0.0876815840601921	0.1257575303316116	0.0877943113446235	0.1019584313035011	0.2246760725975036	0.2247107326984405	sub-20724	ses-1				space-ACPC			DSIStudio	autotrackgqi
Association_UncinateFasciculusL	rd	TORTOISE_model-tensor	/scratch/executivefunction/SLURM_8364170_77/job-8364170-77-sub-20724-ses-1/ds/inputs/data/qsiprep/qsiprep/sub-20724/ses-1/dwi/sub-20724_ses-1_space-ACPC_desc-preproc_dwi.nii.gz	0.0013283152534868	680.3642009748504	242.21606209765588	644.8559341058213	681.2691411667921	645.0887698377257	241.10194314523295	538.1498360585065	538.2327980882797	sub-20724	ses-1				space-ACPC			DSIStudio	autotrackgqi
Association_MiddleLongitudinalFasciculusR	ad	TORTOISE_model-tensor	/scratch/executivefunction/SLURM_8364170_77/job-8364170-77-sub-20724-ses-1/ds/inputs/data/qsiprep/qsiprep/sub-20724/ses-1/dwi/sub-20724_ses-1_space-ACPC_desc-preproc_dwi.nii.gz	0.0	898.27769011156	171.49207016524676	851.1199877500118	898.27769011156	851.1199877500118	171.49207016524676	910.2193898014078	910.2193898014078	sub-20724	ses-1				space-ACPC			DSIStudio	autotrackgqi
Association_MiddleLongitudinalFasciculusR	am	TORTOISE_model-tensor	/scratch/executivefunction/SLURM_8364170_77/job-8364170-77-sub-20724-ses-1/ds/inputs/data/qsiprep/qsiprep/sub-20724/ses-1/dwi/sub-20724_ses-1_space-ACPC_desc-preproc_dwi.nii.gz	0.0	768.9735717773438	248.1152801513672	719.9525146484375	768.9735717773438	719.9525146484375	248.1152801513672	629.8435668945312	629.8435668945312	sub-20724	ses-1				space-ACPC			DSIStudio	autotrackgqi
Association_MiddleLongitudinalFasciculusR	fa	TORTOISE_model-tensor	/scratch/executivefunction/SLURM_8364170_77/job-8364170-77-sub-20724-ses-1/ds/inputs/data/qsiprep/qsiprep/sub-20724/ses-1/dwi/sub-20724_ses-1_space-ACPC_desc-preproc_dwi.nii.gz	0.0	0.2831072699991357	0.1827976199574824	0.2270299330492941	0.2831072699991357	0.2270299330492941	0.1827976199574824	0.4065657950889035	0.4065657950889035	sub-20724	ses-1				space-ACPC			DSIStudio	autotrackgqi
Association_MiddleLongitudinalFasciculusR	li	TORTOISE_model-tensor	/scratch/executivefunction/SLURM_8364170_77/job-8364170-77-sub-20724-ses-1/ds/inputs/data/qsiprep/qsiprep/sub-20724/ses-1/dwi/sub-20724_ses-1_space-ACPC_desc-preproc_dwi.nii.gz	0.0002495009980039	0.1629605889320373	0.1343558877706527	0.1085101664066314	0.1630012691020965	0.1085617020726203	0.1343479752540588	0.256863534450531	0.256864845752716	sub-20724	ses-1				space-ACPC			DSIStudio	autotrackgqi
Association_MiddleLongitudinalFasciculusR	rd	TORTOISE_model-tensor	/scratch/executivefunction/SLURM_8364170_77/job-8364170-77-sub-20724-ses-1/ds/inputs/data/qsiprep/qsiprep/sub-20724/ses-1/dwi/sub-20724_ses-1_space-ACPC_desc-preproc_dwi.nii.gz	0.0	590.596463876907	203.89749177855887	568.9906073250972	590.596463876907	568.9906073250972	203.89749177855887	474.7121399249508	474.7121399249508	sub-20724	ses-1				space-ACPC			DSIStudio	autotrackgqi
Association_ArcuateFasciculusL	ad	TORTOISE_model-tensor	/scratch/executivefunction/SLURM_8364170_77/job-8364170-77-sub-20724-ses-1/ds/inputs/data/qsiprep/qsiprep/sub-20724/ses-1/dwi/sub-20724_ses-1_space-ACPC_desc-preproc_dwi.nii.gz	0.0111147793551227	874.3059495040726	229.06938791603488	837.0564281317991	884.1328915138558	838.89686427166	210.6519416192	873.7525872761703	874.5521690784515	sub-20724	ses-1				space-ACPC			DSIStudio	autotrackgqi
Association_ArcuateFasciculusL	am	TORTOISE_model-tensor	/scratch/executivefunction/SLURM_8364170_77/job-8364170-77-sub-20724-ses-1/ds/inputs/data/qsiprep/qsiprep/sub-20724/ses-1/dwi/sub-20724_ses-1_space-ACPC_desc-preproc_dwi.nii.gz	0.0108946847144272	652.9790649414062	236.87457275390625	604.17724609375	660.1714477539062	607.25146484375	227.98992919921875	515.3373413085938	515.7991333007812	sub-20724	ses-1				space-ACPC			DSIStudio	autotrackgqi
Association_ArcuateFasciculusL	fa	TORTOISE_model-tensor	/scratch/executivefunction/SLURM_8364170_77/job-8364170-77-sub-20724-ses-1/ds/inputs/data/qsiprep/qsiprep/sub-20724/ses-1/dwi/sub-20724_ses-1_space-ACPC_desc-preproc_dwi.nii.gz	0.0112248266754704	0.2862689270330303	0.1787540395429792	0.2435563216111434	0.2895187245352417	0.2471645159810212	0.1771295234140669	0.4660534315937671	0.4664949237976833	sub-20724	ses-1				space-ACPC			DSIStudio	autotrackgqi
Association_ArcuateFasciculusL	li	TORTOISE_model-tensor	/scratch/executivefunction/SLURM_8364170_77/job-8364170-77-sub-20724-ses-1/ds/inputs/data/qsiprep/qsiprep/sub-20724/ses-1/dwi/sub-20724_ses-1_space-ACPC_desc-preproc_dwi.nii.gz	0.0135358204027731	0.1654791831970214	0.1335973292589187	0.1176596283912658	0.16774982213974	0.1204645261168479	0.1330873966217041	0.3104495704174042	0.3108516037464142	sub-20724	ses-1				space-ACPC			DSIStudio	autotrackgqi
Association_ArcuateFasciculusL	rd	TORTOISE_model-tensor	/scratch/executivefunction/SLURM_8364170_77/job-8364170-77-sub-20724-ses-1/ds/inputs/data/qsiprep/qsiprep/sub-20724/ses-1/dwi/sub-20724_ses-1_space-ACPC_desc-preproc_dwi.nii.gz	0.0111147793551227	580.3191782176475	252.01610262229212	558.4444198220898	586.8417952886449	561.9725439298129	245.7605118675185	410.9763224932452	411.3524120181012	sub-20724	ses-1				space-ACPC			DSIStudio	autotrackgqi
Association_VerticalOccipitalFasciculusR	ad	TORTOISE_model-tensor	/scratch/executivefunction/SLURM_8364170_77/job-8364170-77-sub-20724-ses-1/ds/inputs/data/qsiprep/qsiprep/sub-20724/ses-1/dwi/sub-20724_ses-1_space-ACPC_desc-preproc_dwi.nii.gz	0.0207058823529411	798.9821959173237	198.22283893638303	774.3299316095383	815.8756205306645	776.9967294810599	162.29647042106083	800.8045066084501	803.1500169731082	sub-20724	ses-1				space-ACPC			DSIStudio	autotrackgqi
Association_VerticalOccipitalFasciculusR	am	TORTOISE_model-tensor	/scratch/executivefunction/SLURM_8364170_77/job-8364170-77-sub-20724-ses-1/ds/inputs/data/qsiprep/qsiprep/sub-20724/ses-1/dwi/sub-20724_ses-1_space-ACPC_desc-preproc_dwi.nii.gz	0.0207058823529411	707.9430541992188	198.51768493652344	695.4794921875	722.9115600585938	699.162109375	171.5272979736328	692.643798828125	694.6725463867188	sub-20724	ses-1				space-ACPC			DSIStudio	autotrackgqi
Association_VerticalOccipitalFasciculusR	fa	TORTOISE_model-tensor	/scratch/executivefunction/SLURM_8364170_77/job-8364170-77-sub-20724-ses-1/ds/inputs/data/qsiprep/qsiprep/sub-20724/ses-1/dwi/sub-20724_ses-1_space-ACPC_desc-preproc_dwi.nii.gz	0.0207058823529411	0.2453321205045687	0.1605026935006538	0.192066580572816	0.2505193445805903	0.196685410363269	0.1581338023099561	0.3194493593422526	0.3203850081808017	sub-20724	ses-1				space-ACPC			DSIStudio	autotrackgqi
Association_VerticalOccipitalFasciculusR	li	TORTOISE_model-tensor	/scratch/executivefunction/SLURM_8364170_77/job-8364170-77-sub-20724-ses-1/ds/inputs/data/qsiprep/qsiprep/sub-20724/ses-1/dwi/sub-20724_ses-1_space-ACPC_desc-preproc_dwi.nii.gz	0.0207058823529411	0.127329334616661	0.1064424887299537	0.0883834958076477	0.1300215423107147	0.091053269803524	0.1059222146868705	0.1743525564670562	0.1748632341623306	sub-20724	ses-1				space-ACPC			DSIStudio	autotrackgqi
Association_VerticalOccipitalFasciculusR	rd	TORTOISE_model-tensor	/scratch/executivefunction/SLURM_8364170_77/job-8364170-77-sub-20724-ses-1/ds/inputs/data/qsiprep/qsiprep/sub-20724/ses-1/dwi/sub-20724_ses-1_space-ACPC_desc-preproc_dwi.nii.gz	0.0207058823529411	549.5553395700606	171.8188819056154	548.9276827034442	561.1749623192594	553.228256156003	153.70518801184923	487.6923197269748	489.1207424878784	sub-20724	ses-1				space-ACPC			DSIStudio	autotrackgqi
Association_FrontalAslantTractL	ad	TORTOISE_model-tensor	/scratch/executivefunction/SLURM_8364170_77/job-8364170-77-sub-20724-ses-1/ds/inputs/data/qsiprep/qsiprep/sub-20724/ses-1/dwi/sub-20724_ses-1_space-ACPC_desc-preproc_dwi.nii.gz	0.0	952.4826105847568	289.9536676715529	871.34942561911	952.4826105847568	871.34942561911	289.9536676715529	878.008369939771	878.008369939771	sub-20724	ses-1				space-ACPC			DSIStudio	autotrackgqi
Association_FrontalAslantTractL	am	TORTOISE_model-tensor	/scratch/executivefunction/SLURM_8364170_77/job-8364170-77-sub-20724-ses-1/ds/inputs/data/qsiprep/qsiprep/sub-20724/ses-1/dwi/sub-20724_ses-1_space-ACPC_desc-preproc_dwi.nii.gz	0.0	718.808837890625	279.39617919921875	668.5453491210938	718.808837890625	668.5453491210938	279.39617919921875	575.943603515625	575.943603515625	sub-20724	ses-1				space-ACPC			DSIStudio	autotrackgqi
Association_FrontalAslantTractL	fa	TORTOISE_model-tensor	/scratch/executivefunction/SLURM_8364170_77/job-8364170-77-sub-20724-ses-1/ds/inputs/data/qsiprep/qsiprep/sub-20724/ses-1/dwi/sub-20724_ses-1_space-ACPC_desc-preproc_dwi.nii.gz	0.0	0.2932534818162274	0.1833925195655308	0.2430461038706431	0.2932534818162274	0.2430461038706431	0.1833925195655308	0.4036329741877147	0.4036329741877147	sub-20724	ses-1				space-ACPC			DSIStudio	autotrackgqi
Association_FrontalAslantTractL	li	TORTOISE_model-tensor	/scratch/executivefunction/SLURM_8364170_77/job-8364170-77-sub-20724-ses-1/ds/inputs/data/qsiprep/qsiprep/sub-20724/ses-1/dwi/sub-20724_ses-1_space-ACPC_desc-preproc_dwi.nii.gz	0.000881575080811	0.1718807071447372	0.1371813416481018	0.1203372851014137	0.172032356262207	0.1203736066818237	0.1371467560529709	0.2576883137226105	0.2576965093612671	sub-20724	ses-1				space-ACPC			DSIStudio	autotrackgqi
Association_FrontalAslantTractL	rd	TORTOISE_model-tensor	/scratch/executivefunction/SLURM_8364170_77/job-8364170-77-sub-20724-ses-1/ds/inputs/data/qsiprep/qsiprep/sub-20724/ses-1/dwi/sub-20724_ses-1_space-ACPC_desc-preproc_dwi.nii.gz	0.0	635.5701878270779	332.96194272027725	580.412931692241	635.5701878270779	580.412931692241	332.96194272027725	464.2850122256188	464.2850122256188	sub-20724	ses-1				space-ACPC			DSIStudio	autotrackgqi
Association_InferiorLongitudinalFasciculusL	ad	TORTOISE_model-tensor	/scratch/executivefunction/SLURM_8364170_77/job-8364170-77-sub-20724-ses-1/ds/inputs/data/qsiprep/qsiprep/sub-20724/ses-1/dwi/sub-20724_ses-1_space-ACPC_desc-preproc_dwi.nii.gz	0.0139290607398386	875.4287175293404	211.22317150232277	836.7698372874859	887.7948661443824	839.1900994955312	185.11307791226628	924.422239818006	925.3079365233876	sub-20724	ses-1				space-ACPC			DSIStudio	autotrackgqi
Association_InferiorLongitudinalFasciculusL	am	TORTOISE_model-tensor	/scratch/executivefunction/SLURM_8364170_77/job-8364170-77-sub-20724-ses-1/ds/inputs/data/qsiprep/qsiprep/sub-20724/ses-1/dwi/sub-20724_ses-1_space-ACPC_desc-preproc_dwi.nii.gz	0.0139290607398386	740.2471923828125	303.84527587890625	689.8095703125	750.7037963867188	693.7057495117188	292.8758544921875	640.8807373046875	641.4948120117188	sub-20724	ses-1				space-ACPC			DSIStudio	autotrackgqi
Association_InferiorLongitudinalFasciculusL	fa	TORTOISE_model-tensor	/scratch/executivefunction/SLURM_8364170_77/job-8364170-77-sub-20724-ses-1/ds/inputs/data/qsiprep/qsiprep/sub-20724/ses-1/dwi/sub-20724_ses-1_space-ACPC_desc-preproc_dwi.nii.gz	0.0139290607398386	0.2653449812430279	0.1833357266772083	0.2008328244584772	0.2690931967248863	0.2046706946841057	0.1818740396456997	0.4179045310377941	0.4183049288747159	sub-20724	ses-1				space-ACPC			DSIStudio	autotrackgqi
Association_InferiorLongitudinalFasciculusL	li	TORTOISE_model-tensor	/scratch/executivefunction/SLURM_8364170_77/job-8364170-77-sub-20724-ses-1/ds/inputs/data/qsiprep/qsiprep/sub-20724/ses-1/dwi/sub-20724_ses-1_space-ACPC_desc-preproc_dwi.nii.gz	0.0144618663419089	0.1462117582559585	0.1304948776960373	0.0909919738769531	0.1483572721481323	0.092738464474678	0.1302324533462524	0.2576239109039306	0.2578763365745544	sub-20724	ses-1				space-ACPC			DSIStudio	autotrackgqi
Association_InferiorLongitudinalFasciculusL	rd	TORTOISE_model-tensor	/scratch/executivefunction/SLURM_8364170_77/job-8364170-77-sub-20724-ses-1/ds/inputs/data/qsiprep/qsiprep/sub-20724/ses-1/dwi/sub-20724_ses-1_space-ACPC_desc-preproc_dwi.nii.gz	0.0139290607398386	583.3817723439278	200.64388802772297	583.5099647906967	591.6225183368987	586.2805266697787	189.6081109722115	464.8983977164039	465.3438208424425	sub-20724	ses-1				space-ACPC			DSIStudio	autotrackgqi
Association_ExtremeCapsuleR	ad	TORTOISE_model-tensor	/scratch/executivefunction/SLURM_8364170_77/job-8364170-77-sub-20724-ses-1/ds/inputs/data/qsiprep/qsiprep/sub-20724/ses-1/dwi/sub-20724_ses-1_space-ACPC_desc-preproc_dwi.nii.gz	0.0	931.6142558441044	190.28264548660417	892.872379043594	931.6142558441044	892.872379043594	190.28264548660417	961.3056368635176	961.3056368635176	sub-20724	ses-1				space-ACPC			DSIStudio	autotrackgqi
Association_ExtremeCapsuleR	am	TORTOISE_model-tensor	/scratch/executivefunction/SLURM_8364170_77/job-8364170-77-sub-20724-ses-1/ds/inputs/data/qsiprep/qsiprep/sub-20724/ses-1/dwi/sub-20724_ses-1_space-ACPC_desc-preproc_dwi.nii.gz	0.0	672.3085327148438	193.6745147705078	614.190673828125	672.3085327148438	614.190673828125	193.6745147705078	596.080810546875	596.080810546875	sub-20724	ses-1				space-ACPC			DSIStudio	autotrackgqi
Association_ExtremeCapsuleR	fa	TORTOISE_model-tensor	/scratch/executivefunction/SLURM_8364170_77/job-8364170-77-sub-20724-ses-1/ds/inputs/data/qsiprep/qsiprep/sub-20724/ses-1/dwi/sub-20724_ses-1_space-ACPC_desc-preproc_dwi.nii.gz	0.0	0.3281267647186613	0.1981103742551508	0.2922944256788047	0.3281267647186613	0.2922944256788047	0.1981103742551508	0.4313805251191097	0.4313805251191097	sub-20724	ses-1				space-ACPC			DSIStudio	autotrackgqi
Association_ExtremeCapsuleR	li	TORTOISE_model-tensor	/scratch/executivefunction/SLURM_8364170_77/job-8364170-77-sub-20724-ses-1/ds/inputs/data/qsiprep/qsiprep/sub-20724/ses-1/dwi/sub-20724_ses-1_space-ACPC_desc-preproc_dwi.nii.gz	0.0	0.2009962350130081	0.1545063406229019	0.1621806472539901	0.2009962350130081	0.1621806472539901	0.1545063406229019	0.2822414636611938	0.2822414636611938	sub-20724	ses-1				space-ACPC			DSIStudio	autotrackgqi
Association_ExtremeCapsuleR	rd	TORTOISE_model-tensor	/scratch/executivefunction/SLURM_8364170_77/job-8364170-77-sub-20724-ses-1/ds/inputs/data/qsiprep/qsiprep/sub-20724/ses-1/dwi/sub-20724_ses-1_space-ACPC_desc-preproc_dwi.nii.gz	0.0	563.1629654798872	220.20748653376572	540.7687446426683	563.1629654798872	540.7687446426683	220.20748653376572	475.45163674160585	475.45163674160585	sub-20724	ses-1				space-ACPC			DSIStudio	autotrackgqi
Association_SuperiorLongitudinalFasciculusR	ad	TORTOISE_model-tensor	/scratch/executivefunction/SLURM_8364170_77/job-8364170-77-sub-20724-ses-1/ds/inputs/data/qsiprep/qsiprep/sub-20724/ses-1/dwi/sub-20724_ses-1_space-ACPC_desc-preproc_dwi.nii.gz	0.0003232062055591	901.5205750460392	198.8680801952683	855.6121152073492	901.81204629565	855.6539863811713	198.2383602991412	890.007966214038	890.0144908405312	sub-20724	ses-1				space-ACPC			DSIStudio	autotrackgqi
Association_SuperiorLongitudinalFasciculusR	am	TORTOISE_model-tensor	/scratch/executivefunction/SLURM_8364170_77/job-8364170-77-sub-20724-ses-1/ds/inputs/data/qsiprep/qsiprep/sub-20724/ses-1/dwi/sub-20724_ses-1_space-ACPC_desc-preproc_dwi.nii.gz	0.0003232062055591	756.3568115234375	229.94973754882807	729.4554443359375	756.6013793945312	729.582275390625	229.58432006835935	591.4343872070312	591.438720703125	sub-20724	ses-1				space-ACPC			DSIStudio	autotrackgqi
Association_SuperiorLongitudinalFasciculusR	fa	TORTOISE_model-tensor	/scratch/executivefunction/SLURM_8364170_77/job-8364170-77-sub-20724-ses-1/ds/inputs/data/qsiprep/qsiprep/sub-20724/ses-1/dwi/sub-20724_ses-1_space-ACPC_desc-preproc_dwi.nii.gz	0.0003232062055591	0.2714625922350777	0.1820573778362911	0.206074197613064	0.2715503589962271	0.2060907999483599	0.182021349919145	0.4466327102508001	0.4466359844993239	sub-20724	ses-1				space-ACPC			DSIStudio	autotrackgqi
Association_SuperiorLongitudinalFasciculusR	li	TORTOISE_model-tensor	/scratch/executivefunction/SLURM_8364170_77/job-8364170-77-sub-20724-ses-1/ds/inputs/data/qsiprep/qsiprep/sub-20724/ses-1/dwi/sub-20724_ses-1_space-ACPC_desc-preproc_dwi.nii.gz	0.0004040077569489	0.1554436087608337	0.1371017545461654	0.0959870964288711	0.155506432056427	0.0960191041231155	0.1370938271284103	0.2993132472038269	0.2993157804012298	sub-20724	ses-1				space-ACPC			DSIStudio	autotrackgqi
Association_SuperiorLongitudinalFasciculusR	rd	TORTOISE_model-tensor	/scratch/executivefunction/SLURM_8364170_77/job-8364170-77-sub-20724-ses-1/ds/inputs/data/qsiprep/qsiprep/sub-20724/ses-1/dwi/sub-20724_ses-1_space-ACPC_desc-preproc_dwi.nii.gz	0.0003232062055591	608.4201914230966	238.5337631187249	597.8145730620918	608.6169001820437	597.8622657047447	238.32127836161848	432.7824689810175	432.78564170349136	sub-20724	ses-1				space-ACPC			DSIStudio	autotrackgqi
Association_MiddleLongitudinalFasciculusL	ad	TORTOISE_model-tensor	/scratch/executivefunction/SLURM_8364170_77/job-8364170-77-sub-20724-ses-1/ds/inputs/data/qsiprep/qsiprep/sub-20724/ses-1/dwi/sub-20724_ses-1_space-ACPC_desc-preproc_dwi.nii.gz	0.0	890.2531368939558	194.0009873812576	837.81498870786	890.2531368939558	837.81498870786	194.0009873812576	878.522427643338	878.522427643338	sub-20724	ses-1				space-ACPC			DSIStudio	autotrackgqi
Association_MiddleLongitudinalFasciculusL	am	TORTOISE_model-tensor	/scratch/executivefunction/SLURM_8364170_77/job-8364170-77-sub-20724-ses-1/ds/inputs/data/qsiprep/qsiprep/sub-20724/ses-1/dwi/sub-20724_ses-1_space-ACPC_desc-preproc_dwi.nii.gz	0.0	703.968505859375	220.17979431152344	656.9945068359375	703.968505859375	656.9945068359375	220.17979431152344	591.6826171875	591.6826171875	sub-20724	ses-1				space-ACPC			DSIStudio	autotrackgqi
Association_MiddleLongitudinalFasciculusL	fa	TORTOISE_model-tensor	/scratch/executivefunction/SLURM_8364170_77/job-8364170-77-sub-20724-ses-1/ds/inputs/data/qsiprep/qsiprep/sub-20724/ses-1/dwi/sub-20724_ses-1_space-ACPC_desc-preproc_dwi.nii.gz	0.0	0.2888632760613975	0.1850901956674965	0.2411422903151968	0.2888632760613975	0.2411422903151968	0.1850901956674965	0.3936498402973706	0.3936498402973706	sub-20724	ses-1				space-ACPC			DSIStudio	autotrackgqi
Association_MiddleLongitudinalFasciculusL	li	TORTOISE_model-tensor	/scratch/executivefunction/SLURM_8364170_77/job-8364170-77-sub-20724-ses-1/ds/inputs/data/qsiprep/qsiprep/sub-20724/ses-1/dwi/sub-20724_ses-1_space-ACPC_desc-preproc_dwi.nii.gz	0.0	0.1638613492250442	0.1341104209423065	0.1157252416014671	0.1638613492250442	0.1157252416014671	0.1341104209423065	0.2367511391639709	0.2367511391639709	sub-20724	ses-1				space-ACPC			DSIStudio	autotrackgqi
Association_MiddleLongitudinalFasciculusL	rd	TORTOISE_model-tensor	/scratch/executivefunction/SLURM_8364170_77/job-8364170-77-sub-20724-ses-1/ds/inputs/data/qsiprep/qsiprep/sub-20724/ses-1/dwi/sub-20724_ses-1_space-ACPC_desc-preproc_dwi.nii.gz	0.0	581.3874088671341	219.612819104862	558.4540521862954	581.3874088671341	558.4540521862954	219.612819104862	470.5432689008055	470.5432689008055	sub-20724	ses-1				space-ACPC			DSIStudio	autotrackgqi
Association_InferiorFrontoOccipitalFasciculusR	ad	TORTOISE_model-tensor	/scratch/executivefunction/SLURM_8364170_77/job-8364170-77-sub-20724-ses-1/ds/inputs/data/qsiprep/qsiprep/sub-20724/ses-1/dwi/sub-20724_ses-1_space-ACPC_desc-preproc_dwi.nii.gz	0.0030908226343319	885.7138188068674	190.5954788042124	844.1768631299226	888.4598907468838	844.5198142956199	184.3895036770213	1008.304340964177	1008.3876470498666	sub-20724	ses-1				space-ACPC			DSIStudio	autotrackgqi
Association_InferiorFrontoOccipitalFasciculusR	am	TORTOISE_model-tensor	/scratch/executivefunction/SLURM_8364170_77/job-8364170-77-sub-20724-ses-1/ds/inputs/data/qsiprep/qsiprep/sub-20724/ses-1/dwi/sub-20724_ses-1_space-ACPC_desc-preproc_dwi.nii.gz	0.0030908226343319	693.5974731445312	246.87088012695312	649.0940551757812	695.7479248046875	650.007568359375	244.2089691162109	571.9689331054688	572.0161743164062	sub-20724	ses-1				space-ACPC			DSIStudio	autotrackgqi
Association_InferiorFrontoOccipitalFasciculusR	fa	TORTOISE_model-tensor	/scratch/executivefunction/SLURM_8364170_77/job-8364170-77-sub-20724-ses-1/ds/inputs/data/qsiprep/qsiprep/sub-20724/ses-1/dwi/sub-20724_ses-1_space-ACPC_desc-preproc_dwi.nii.gz	0.0030908226343319	0.3145472522215922	0.1954246813254937	0.2825829958859019	0.3155224762327729	0.2837892258575224	0.1949397546912689	0.4889643481231142	0.4890047464214072	sub-20724	ses-1				space-ACPC			DSIStudio	autotrackgqi
Association_InferiorFrontoOccipitalFasciculusR	li	TORTOISE_model-tensor	/scratch/executivefunction/SLURM_8364170_77/job-8364170-77-sub-20724-ses-1/ds/inputs/data/qsiprep/qsiprep/sub-20724/ses-1/dwi/sub-20724_ses-1_space-ACPC_desc-preproc_dwi.nii.gz	0.0030908226343319	0.1838423013687133	0.1443444341421127	0.1414842307567596	0.1844122856855392	0.1421708464622497	0.1442040354013443	0.3139136731624603	0.3139396607875824	sub-20724	ses-1				space-ACPC			DSIStudio	autotrackgqi
Association_InferiorFrontoOccipitalFasciculusR	rd	TORTOISE_model-tensor	/scratch/executivefunction/SLURM_8364170_77/job-8364170-77-sub-20724-ses-1/ds/inputs/data/qsiprep/qsiprep/sub-20724/ses-1/dwi/sub-20724_ses-1_space-ACPC_desc-preproc_dwi.nii.gz	0.0030908226343319	540.4793278477862	179.2858219565479	516.7644681627455	542.1550328947743	517.2105201304256	177.01573834088603	427.9363175486554	427.9716734466454	sub-20724	ses-1				space-ACPC			DSIStudio	autotrackgqi
Association_ParietalAslantTractR	ad	TORTOISE_model-tensor	/scratch/executivefunction/SLURM_8364170_77/job-8364170-77-sub-20724-ses-1/ds/inputs/data/qsiprep/qsiprep/sub-20724/ses-1/dwi/sub-20724_ses-1_space-ACPC_desc-preproc_dwi.nii.gz	0.0089311437626044	859.5482694751323	173.89397492591425	828.2720430738547	867.294198647728	829.433971494223	154.25180300163925	913.1058246663184	913.5168122770284	sub-20724	ses-1				space-ACPC			DSIStudio	autotrackgqi
Association_ParietalAslantTractR	am	TORTOISE_model-tensor	/scratch/executivefunction/SLURM_8364170_77/job-8364170-77-sub-20724-ses-1/ds/inputs/data/qsiprep/qsiprep/sub-20724/ses-1/dwi/sub-20724_ses-1_space-ACPC_desc-preproc_dwi.nii.gz	0.0089311437626044	746.903076171875	238.90963745117188	719.587158203125	753.6338500976562	721.919921875	229.17156982421875	637.0753173828125	637.3619995117188	sub-20724	ses-1				space-ACPC			DSIStudio	autotrackgqi
Association_ParietalAslantTractR	fa	TORTOISE_model-tensor	/scratch/executivefunction/SLURM_8364170_77/job-8364170-77-sub-20724-ses-1/ds/inputs/data/qsiprep/qsiprep/sub-20724/ses-1/dwi/sub-20724_ses-1_space-ACPC_desc-preproc_dwi.nii.gz	0.0089311437626044	0.2449375044149436	0.1669487071390147	0.1792024809372795	0.2471447900651945	0.1808983523475129	0.1660648144418405	0.3995229926024731	0.3997028174484962	sub-20724	ses-1				space-ACPC			DSIStudio	autotrackgqi
Association_ParietalAslantTractR	li	TORTOISE_model-tensor	/scratch/executivefunction/SLURM_8364170_77/job-8364170-77-sub-20724-ses-1/ds/inputs/data/qsiprep/qsiprep/sub-20724/ses-1/dwi/sub-20724_ses-1_space-ACPC_desc-preproc_dwi.nii.gz	0.0089311437626044	0.1320442259311676	0.1144484505057334	0.0820084437727928	0.1332341730594635	0.0829740762710571	0.1142713725566864	0.2401573956012725	0.2402654886245727	sub-20724	ses-1				space-ACPC			DSIStudio	autotrackgqi
Association_ParietalAslantTractR	rd	TORTOISE_model-tensor	/scratch/executivefunction/SLURM_8364170_77/job-8364170-77-sub-20724-ses-1/ds/inputs/data/qsiprep/qsiprep/sub-20724/ses-1/dwi/sub-20724_ses-1_space-ACPC_desc-preproc_dwi.nii.gz	0.0089311437626044	594.5026278012404	183.70603597968216	605.2177518545273	599.860064272705	606.5090036627093	175.60842535507155	478.5573474900423	478.7727453502489	sub-20724	ses-1				space-ACPC			DSIStudio	autotrackgqi
Association_ParietalAslantTractL	ad	TORTOISE_model-tensor	/scratch/executivefunction/SLURM_8364170_77/job-8364170-77-sub-20724-ses-1/ds/inputs/data/qsiprep/qsiprep/sub-20724/ses-1/dwi/sub-20724_ses-1_space-ACPC_desc-preproc_dwi.nii.gz	0.0410846343467543	819.4254632057467	218.0181849528627	818.7035260612812	854.5336664279296	823.0564308590149	139.88312321994292	865.8958563172673	870.2529782707479	sub-20724	ses-1				space-ACPC			DSIStudio	autotrackgqi
Association_ParietalAslantTractL	am	TORTOISE_model-tensor	/scratch/executivefunction/SLURM_8364170_77/job-8364170-77-sub-20724-ses-1/ds/inputs/data/qsiprep/qsiprep/sub-20724/ses-1/dwi/sub-20724_ses-1_space-ACPC_desc-preproc_dwi.nii.gz	0.0410846343467543	701.8626098632812	253.4541931152344	699.6017456054688	731.933837890625	709.1493530273438	212.08770751953125	622.4230346679688	625.5550537109375	sub-20724	ses-1				space-ACPC			DSIStudio	autotrackgqi
Association_ParietalAslantTractL	fa	TORTOISE_model-tensor	/scratch/executivefunction/SLURM_8364170_77/job-8364170-77-sub-20724-ses-1/ds/inputs/data/qsiprep/qsiprep/sub-20724/ses-1/dwi/sub-20724_ses-1_space-ACPC_desc-preproc_dwi.nii.gz	0.0410846343467543	0.2175212042156113	0.1598921063923831	0.15754534809829	0.2268408787749777	0.1640362926284311	0.1566740349725669	0.3470770341813382	0.3488234992941058	sub-20724	ses-1				space-ACPC			DSIStudio	autotrackgqi
Association_ParietalAslantTractL	li	TORTOISE_model-tensor	/scratch/executivefunction/SLURM_8364170_77/job-8364170-77-sub-20724-ses-1/ds/inputs/data/qsiprep/qsiprep/sub-20724/ses-1/dwi/sub-20724_ses-1_space-ACPC_desc-preproc_dwi.nii.gz	0.0419063270336894	0.1151956543326377	0.108933039009571	0.0704822093248367	0.1202342361211776	0.0740716606378555	0.1085339859127998	0.2024526000022888	0.2035034149885177	sub-20724	ses-1				space-ACPC			DSIStudio	autotrackgqi
Association_ParietalAslantTractL	rd	TORTOISE_model-tensor	/scratch/executivefunction/SLURM_8364170_77/job-8364170-77-sub-20724-ses-1/ds/inputs/data/qsiprep/qsiprep/sub-20724/ses-1/dwi/sub-20724_ses-1_space-ACPC_desc-preproc_dwi.nii.gz	0.0410846343467543	585.7289696742988	199.8232238338116	610.792059818606	610.8244696603441	616.182434487532	162.20709949843865	502.3980826157738	504.9261115679569	sub-20724	ses-1				space-ACPC			DSIStudio	autotrackgqi
Association_ExtremeCapsuleL	ad	TORTOISE_model-tensor	/scratch/executivefunction/SLURM_8364170_77/job-8364170-77-sub-20724-ses-1/ds/inputs/data/qsiprep/qsiprep/sub-20724/ses-1/dwi/sub-20724_ses-1_space-ACPC_desc-preproc_dwi.nii.gz	0.0001976675232259	928.8589878303958	230.45978786059385	873.4445752612439	929.0426293859176	873.5043528968314	230.1121542285055	870.0764205998096	870.078963100495	sub-20724	ses-1				space-ACPC			DSIStudio	autotrackgqi
Association_ExtremeCapsuleL	am	TORTOISE_model-tensor	/scratch/executivefunction/SLURM_8364170_77/job-8364170-77-sub-20724-ses-1/ds/inputs/data/qsiprep/qsiprep/sub-20724/ses-1/dwi/sub-20724_ses-1_space-ACPC_desc-preproc_dwi.nii.gz	0.0001976675232259	687.873779296875	222.7128143310547	639.71728515625	688.009765625	639.7266235351562	222.52468872070312	579.4464111328125	579.4481201171875	sub-20724	ses-1				space-ACPC			DSIStudio	autotrackgqi
Association_ExtremeCapsuleL	fa	TORTOISE_model-tensor	/scratch/executivefunction/SLURM_8364170_77/job-8364170-77-sub-20724-ses-1/ds/inputs/data/qsiprep/qsiprep/sub-20724/ses-1/dwi/sub-20724_ses-1_space-ACPC_desc-preproc_dwi.nii.gz	0.0001976675232259	0.2938155127847683	0.1820171032315831	0.2533702559703625	0.2938736020518274	0.2534646024876737	0.1819882002523571	0.3713216252554522	0.3713227102627779	sub-20724	ses-1				space-ACPC			DSIStudio	autotrackgqi
Association_ExtremeCapsuleL	li	TORTOISE_model-tensor	/scratch/executivefunction/SLURM_8364170_77/job-8364170-77-sub-20724-ses-1/ds/inputs/data/qsiprep/qsiprep/sub-20724/ses-1/dwi/sub-20724_ses-1_space-ACPC_desc-preproc_dwi.nii.gz	0.0001976675232259	0.1673286706209182	0.1346514821052551	0.124792642891407	0.1673617511987686	0.1248335018754005	0.1346442401409149	0.2224568724632263	0.2224575281143188	sub-20724	ses-1				space-ACPC			DSIStudio	autotrackgqi
Association_ExtremeCapsuleL	rd	TORTOISE_model-tensor	/scratch/executivefunction/SLURM_8364170_77/job-8364170-77-sub-20724-ses-1/ds/inputs/data/qsiprep/qsiprep/sub-20724/ses-1/dwi/sub-20724_ses-1_space-ACPC_desc-preproc_dwi.nii.gz	0.0001976675232259	606.5792137907204	265.78989827769686	566.8594322356503	606.6991385067723	566.9256699441464	265.6792777828762	486.689818725867	486.69124097190297	sub-20724	ses-1				space-ACPC			DSIStudio	autotrackgqi
ProjectionBasalGanglia_CorticostriatalTractR	ad	TORTOISE_model-tensor	/scratch/executivefunction/SLURM_8364170_77/job-8364170-77-sub-20724-ses-1/ds/inputs/data/qsiprep/qsiprep/sub-20724/ses-1/dwi/sub-20724_ses-1_space-ACPC_desc-preproc_dwi.nii.gz	0.001221615406726	896.233761797339	191.95631849569912	856.2945344257658	897.3299538939326	856.4130704845436	189.4957793846836	920.542006890024	920.6065373290486	sub-20724	ses-1				space-ACPC			DSIStudio	autotrackgqi
ProjectionBasalGanglia_CorticostriatalTractR	am	TORTOISE_model-tensor	/scratch/executivefunction/SLURM_8364170_77/job-8364170-77-sub-20724-ses-1/ds/inputs/data/qsiprep/qsiprep/sub-20724/ses-1/dwi/sub-20724_ses-1_space-ACPC_desc-preproc_dwi.nii.gz	0.001221615406726	645.1576538085938	241.62115478515625	578.412841796875	645.94677734375	578.8406372070312	240.71243286132807	544.1876831054688	544.2257690429688	sub-20724	ses-1				space-ACPC			DSIStudio	autotrackgqi
ProjectionBasalGanglia_CorticostriatalTractR	fa	TORTOISE_model-tensor	/scratch/executivefunction/SLURM_8364170_77/job-8364170-77-sub-20724-ses-1/ds/inputs/data/qsiprep/qsiprep/sub-20724/ses-1/dwi/sub-20724_ses-1_space-ACPC_desc-preproc_dwi.nii.gz	0.001221615406726	0.3476039299499141	0.1994907962503745	0.3313027846125796	0.3480290876453705	0.3322512873401446	0.1992417780465425	0.4733314980759279	0.4733646788034744	sub-20724	ses-1				space-ACPC			DSIStudio	autotrackgqi
ProjectionBasalGanglia_CorticostriatalTractR	li	TORTOISE_model-tensor	/scratch/executivefunction/SLURM_8364170_77/job-8364170-77-sub-20724-ses-1/ds/inputs/data/qsiprep/qsiprep/sub-20724/ses-1/dwi/sub-20724_ses-1_space-ACPC_desc-preproc_dwi.nii.gz	0.001221615406726	0.2144083529710769	0.1544174998998642	0.1858891993761062	0.2146705836057663	0.1861422955989837	0.154329627752304	0.3190224766731262	0.319044828414917	sub-20724	ses-1				space-ACPC			DSIStudio	autotrackgqi
ProjectionBasalGanglia_CorticostriatalTractR	rd	TORTOISE_model-tensor	/scratch/executivefunction/SLURM_8364170_77/job-8364170-77-sub-20724-ses-1/ds/inputs/data/qsiprep/qsiprep/sub-20724/ses-1/dwi/sub-20724_ses-1_space-ACPC_desc-preproc_dwi.nii.gz	0.001221615406726	524.6382552249702	213.13723547198063	492.8134092401801	525.2799452989917	493.1836021060324	212.475826871834	414.140903275549	414.1699347554736	sub-20724	ses-1				space-ACPC			DSIStudio	autotrackgqi
ProjectionBrainstem_DentatorubrothalamicTract-rl	ad	TORTOISE_model-tensor	/scratch/executivefunction/SLURM_8364170_77/job-8364170-77-sub-20724-ses-1/ds/inputs/data/qsiprep/qsiprep/sub-20724/ses-1/dwi/sub-20724_ses-1_space-ACPC_desc-preproc_dwi.nii.gz	0.0	865.4978630480315	259.0759325817968	824.7245748624762	865.4978630480315	824.7245748624762	259.0759325817968	860.4529110970057	860.4529110970057	sub-20724	ses-1				space-ACPC			DSIStudio	autotrackgqi
ProjectionBrainstem_DentatorubrothalamicTract-rl	am	TORTOISE_model-tensor	/scratch/executivefunction/SLURM_8364170_77/job-8364170-77-sub-20724-ses-1/ds/inputs/data/qsiprep/qsiprep/sub-20724/ses-1/dwi/sub-20724_ses-1_space-ACPC_desc-preproc_dwi.nii.gz	0.0	547.0529174804688	169.307373046875	485.4862060546875	547.0529174804688	485.4862060546875	169.307373046875	512.0537109375	512.0537109375	sub-20724	ses-1				space-ACPC			DSIStudio	autotrackgqi
ProjectionBrainstem_DentatorubrothalamicTract-rl	fa	TORTOISE_model-tensor	/scratch/executivefunction/SLURM_8364170_77/job-8364170-77-sub-20724-ses-1/ds/inputs/data/qsiprep/qsiprep/sub-20724/ses-1/dwi/sub-20724_ses-1_space-ACPC_desc-preproc_dwi.nii.gz	0.0	0.4050354601564266	0.1891075719842972	0.3818238168157943	0.4050354601564266	0.3818238168157943	0.1891075719842972	0.4744655305572565	0.4744655305572565	sub-20724	ses-1				space-ACPC			DSIStudio	autotrackgqi
ProjectionBrainstem_DentatorubrothalamicTract-rl	li	TORTOISE_model-tensor	/scratch/executivefunction/SLURM_8364170_77/job-8364170-77-sub-20724-ses-1/ds/inputs/data/qsiprep/qsiprep/sub-20724/ses-1/dwi/sub-20724_ses-1_space-ACPC_desc-preproc_dwi.nii.gz	0.0	0.2544227242469787	0.1515678316354751	0.2279965281486511	0.2544227242469787	0.2279965281486511	0.1515678316354751	0.3025270998477936	0.3025270998477936	sub-20724	ses-1				space-ACPC			DSIStudio	autotrackgqi
ProjectionBrainstem_DentatorubrothalamicTract-rl	rd	TORTOISE_model-tensor	/scratch/executivefunction/SLURM_8364170_77/job-8364170-77-sub-20724-ses-1/ds/inputs/data/qsiprep/qsiprep/sub-20724/ses-1/dwi/sub-20724_ses-1_space-ACPC_desc-preproc_dwi.nii.gz	0.0	460.34984259623855	245.3243522922311	404.54930578588574	460.34984259623855	404.54930578588574	245.3243522922311	387.3938056284928	387.3938056284928	sub-20724	ses-1				space-ACPC			DSIStudio	autotrackgqi
ProjectionBasalGanglia_AnsaSubthalamicaL	ad	TORTOISE_model-tensor	/scratch/executivefunction/SLURM_8364170_77/job-8364170-77-sub-20724-ses-1/ds/inputs/data/qsiprep/qsiprep/sub-20724/ses-1/dwi/sub-20724_ses-1_space-ACPC_desc-preproc_dwi.nii.gz	0.0	814.7430952300091	182.80972094553584	776.6197552480801	814.7430952300091	776.6197552480801	182.80972094553584	802.7430009707731	802.7430009707731	sub-20724	ses-1				space-ACPC			DSIStudio	autotrackgqi
ProjectionBasalGanglia_AnsaSubthalamicaL	am	TORTOISE_model-tensor	/scratch/executivefunction/SLURM_8364170_77/job-8364170-77-sub-20724-ses-1/ds/inputs/data/qsiprep/qsiprep/sub-20724/ses-1/dwi/sub-20724_ses-1_space-ACPC_desc-preproc_dwi.nii.gz	0.0	437.6505737304688	139.99859619140625	416.8729553222656	437.6505737304688	416.8729553222656	139.99859619140625	433.0224609375	433.0224609375	sub-20724	ses-1				space-ACPC			DSIStudio	autotrackgqi
ProjectionBasalGanglia_AnsaSubthalamicaL	fa	TORTOISE_model-tensor	/scratch/executivefunction/SLURM_8364170_77/job-8364170-77-sub-20724-ses-1/ds/inputs/data/qsiprep/qsiprep/sub-20724/ses-1/dwi/sub-20724_ses-1_space-ACPC_desc-preproc_dwi.nii.gz	0.0	0.3256687362695222	0.1305786596172217	0.3115581097038021	0.3256687362695222	0.3115581097038021	0.1305786596172217	0.3394977966378372	0.3394977966378372	sub-20724	ses-1				space-ACPC			DSIStudio	autotrackgqi
ProjectionBasalGanglia_AnsaSubthalamicaL	li	TORTOISE_model-tensor	/scratch/executivefunction/SLURM_8364170_77/job-8364170-77-sub-20724-ses-1/ds/inputs/data/qsiprep/qsiprep/sub-20724/ses-1/dwi/sub-20724_ses-1_space-ACPC_desc-preproc_dwi.nii.gz	0.0	0.1928903013467788	0.0898306295275688	0.1801266521215438	0.1928903013467788	0.1801266521215438	0.0898306295275688	0.2013915330171585	0.2013915330171585	sub-20724	ses-1				space-ACPC			DSIStudio	autotrackgqi
ProjectionBasalGanglia_AnsaSubthalamicaL	rd	TORTOISE_model-tensor	/scratch/executivefunction/SLURM_8364170_77/job-8364170-77-sub-20724-ses-1/ds/inputs/data/qsiprep/qsiprep/sub-20724/ses-1/dwi/sub-20724_ses-1_space-ACPC_desc-preproc_dwi.nii.gz	0.0	496.70510257438485	157.7748099151072	464.07706692270426	496.70510257438485	464.07706692270426	157.7748099151072	476.5820780187639	476.5820780187639	sub-20724	ses-1				space-ACPC			DSIStudio	autotrackgqi
ProjectionBrainstem_CorticobulbarTractR	ad	TORTOISE_model-tensor	/scratch/executivefunction/SLURM_8364170_77/job-8364170-77-sub-20724-ses-1/ds/inputs/data/qsiprep/qsiprep/sub-20724/ses-1/dwi/sub-20724_ses-1_space-ACPC_desc-preproc_dwi.nii.gz	0.0	904.7436920912048	182.97116036967904	890.2452760388069	904.7436920912048	890.2452760388069	182.97116036967904	911.2357735332284	911.2357735332284	sub-20724	ses-1				space-ACPC			DSIStudio	autotrackgqi
ProjectionBrainstem_CorticobulbarTractR	am	TORTOISE_model-tensor	/scratch/executivefunction/SLURM_8364170_77/job-8364170-77-sub-20724-ses-1/ds/inputs/data/qsiprep/qsiprep/sub-20724/ses-1/dwi/sub-20724_ses-1_space-ACPC_desc-preproc_dwi.nii.gz	0.0	622.8291625976562	239.6461334228516	508.6438293457031	622.8291625976562	508.6438293457031	239.6461334228516	536.88330078125	536.88330078125	sub-20724	ses-1				space-ACPC			DSIStudio	autotrackgqi
ProjectionBrainstem_CorticobulbarTractR	fa	TORTOISE_model-tensor	/scratch/executivefunction/SLURM_8364170_77/job-8364170-77-sub-20724-ses-1/ds/inputs/data/qsiprep/qsiprep/sub-20724/ses-1/dwi/sub-20724_ses-1_space-ACPC_desc-preproc_dwi.nii.gz	0.0	0.4590303753202455	0.214792384371488	0.4753164740225514	0.4590303753202455	0.4753164740225514	0.214792384371488	0.5656524505738789	0.5656524505738789	sub-20724	ses-1				space-ACPC			DSIStudio	autotrackgqi
ProjectionBrainstem_CorticobulbarTractR	li	TORTOISE_model-tensor	/scratch/executivefunction/SLURM_8364170_77/job-8364170-77-sub-20724-ses-1/ds/inputs/data/qsiprep/qsiprep/sub-20724/ses-1/dwi/sub-20724_ses-1_space-ACPC_desc-preproc_dwi.nii.gz	0.0	0.3125075697898865	0.1915572881698608	0.3255019783973694	0.3125075697898865	0.3255019783973694	0.1915572881698608	0.4084333479404449	0.4084333479404449	sub-20724	ses-1				space-ACPC			DSIStudio	autotrackgqi
ProjectionBrainstem_CorticobulbarTractR	rd	TORTOISE_model-tensor	/scratch/executivefunction/SLURM_8364170_77/job-8364170-77-sub-20724-ses-1/ds/inputs/data/qsiprep/qsiprep/sub-20724/ses-1/dwi/sub-20724_ses-1_space-ACPC_desc-preproc_dwi.nii.gz	0.0	433.87197704951234	202.40906018686405	367.9471062670515	433.87197704951234	367.9471062670515	202.40906018686405	336.7795741034017	336.7795741034017	sub-20724	ses-1				space-ACPC			DSIStudio	autotrackgqi
ProjectionBrainstem_CorticopontineTractR	ad	TORTOISE_model-tensor	/scratch/executivefunction/SLURM_8364170_77/job-8364170-77-sub-20724-ses-1/ds/inputs/data/qsiprep/qsiprep/sub-20724/ses-1/dwi/sub-20724_ses-1_space-ACPC_desc-preproc_dwi.nii.gz	8.676036786395974e-05	902.9155994136422	209.8285579941636	861.5145144557617	902.9939435003593	861.521191601913	209.66902425746156	922.851186494445	922.853717914307	sub-20724	ses-1				space-ACPC			DSIStudio	autotrackgqi
ProjectionBrainstem_CorticopontineTractR	am	TORTOISE_model-tensor	/scratch/executivefunction/SLURM_8364170_77/job-8364170-77-sub-20724-ses-1/ds/inputs/data/qsiprep/qsiprep/sub-20724/ses-1/dwi/sub-20724_ses-1_space-ACPC_desc-preproc_dwi.nii.gz	8.676036786395974e-05	595.7421264648438	209.7200164794922	535.5552368164062	595.7938232421875	535.5645751953125	209.6556854248047	515.2388916015625	515.240234375	sub-20724	ses-1				space-ACPC			DSIStudio	autotrackgqi
ProjectionBrainstem_CorticopontineTractR	fa	TORTOISE_model-tensor	/scratch/executivefunction/SLURM_8364170_77/job-8364170-77-sub-20724-ses-1/ds/inputs/data/qsiprep/qsiprep/sub-20724/ses-1/dwi/sub-20724_ses-1_space-ACPC_desc-preproc_dwi.nii.gz	8.676036786395974e-05	0.403160732896197	0.201293911965106	0.404691592123383	0.4031957143046912	0.4047350546532665	0.2012676089422755	0.5284219316337252	0.5284233810023217	sub-20724	ses-1				space-ACPC			DSIStudio	autotrackgqi
ProjectionBrainstem_CorticopontineTractR	li	TORTOISE_model-tensor	/scratch/executivefunction/SLURM_8364170_77/job-8364170-77-sub-20724-ses-1/ds/inputs/data/qsiprep/qsiprep/sub-20724/ses-1/dwi/sub-20724_ses-1_space-ACPC_desc-preproc_dwi.nii.gz	8.676036786395974e-05	0.2564241886138916	0.1642565727233886	0.2412800788879394	0.2564464211463928	0.2412844002246856	0.1642463207244873	0.3673791289329529	0.3673800826072693	sub-20724	ses-1				space-ACPC			DSIStudio	autotrackgqi
ProjectionBrainstem_CorticopontineTractR	rd	TORTOISE_model-tensor	/scratch/executivefunction/SLURM_8364170_77/job-8364170-77-sub-20724-ses-1/ds/inputs/data/qsiprep/qsiprep/sub-20724/ses-1/dwi/sub-20724_ses-1_space-ACPC_desc-preproc_dwi.nii.gz	8.676036786395974e-05	482.8714589883745	233.71339908732435	425.7704083449577	482.9133567288508	425.7795749234703	233.6802502702812	373.29278875383545	373.29381282929137	sub-20724	ses-1				space-ACPC			DSIStudio	autotrackgqi
ProjectionBrainstem_ReticularTractR	ad	TORTOISE_model-tensor	/scratch/executivefunction/SLURM_8364170_77/job-8364170-77-sub-20724-ses-1/ds/inputs/data/qsiprep/qsiprep/sub-20724/ses-1/dwi/sub-20724_ses-1_space-ACPC_desc-preproc_dwi.nii.gz	0.0018867924528301	887.7761799020271	227.67774169293156	843.627778802163	889.4543957430517	843.6577222023931	224.5939635097651	913.2297957283274	913.3593086424114	sub-20724	ses-1				space-ACPC			DSIStudio	autotrackgqi
ProjectionBrainstem_ReticularTractR	am	TORTOISE_model-tensor	/scratch/executivefunction/SLURM_8364170_77/job-8364170-77-sub-20724-ses-1/ds/inputs/data/qsiprep/qsiprep/sub-20724/ses-1/dwi/sub-20724_ses-1_space-ACPC_desc-preproc_dwi.nii.gz	0.0002695417789757	568.3516845703125	223.8593597412109	499.7314453125	568.5049438476562	499.8918762207031	223.6949005126953	528.7245483398438	528.7293701171875	sub-20724	ses-1				space-ACPC			DSIStudio	autotrackgqi
ProjectionBrainstem_ReticularTractR	fa	TORTOISE_model-tensor	/scratch/executivefunction/SLURM_8364170_77/job-8364170-77-sub-20724-ses-1/ds/inputs/data/qsiprep/qsiprep/sub-20724/ses-1/dwi/sub-20724_ses-1_space-ACPC_desc-preproc_dwi.nii.gz	0.0018867924528301	0.3844564549634304	0.1736146472735598	0.3800344280289367	0.3851832157478603	0.3803967180353422	0.1729713530745065	0.4436363975440142	0.4436993131158311	sub-20724	ses-1				space-ACPC			DSIStudio	autotrackgqi
ProjectionBrainstem_ReticularTractR	li	TORTOISE_model-tensor	/scratch/executivefunction/SLURM_8364170_77/job-8364170-77-sub-20724-ses-1/ds/inputs/data/qsiprep/qsiprep/sub-20724/ses-1/dwi/sub-20724_ses-1_space-ACPC_desc-preproc_dwi.nii.gz	0.0024258760107816	0.2412917464971542	0.137598231434822	0.2298421561717987	0.2418785095214843	0.2307147085666656	0.1372493654489517	0.2886049151420593	0.2887097597122192	sub-20724	ses-1				space-ACPC			DSIStudio	autotrackgqi
ProjectionBrainstem_ReticularTractR	rd	TORTOISE_model-tensor	/scratch/executivefunction/SLURM_8364170_77/job-8364170-77-sub-20724-ses-1/ds/inputs/data/qsiprep/qsiprep/sub-20724/ses-1/dwi/sub-20724_ses-1_space-ACPC_desc-preproc_dwi.nii.gz	0.0018867924528301	493.0823656011621	230.18620826087928	435.55111207230686	494.0144683716748	435.96663560610295	229.402223626212	449.8324986005358	449.8962934806045	sub-20724	ses-1				space-ACPC			DSIStudio	autotrackgqi
ProjectionBasalGanglia_AcousticRadiationR	ad	TORTOISE_model-tensor	/scratch/executivefunction/SLURM_8364170_77/job-8364170-77-sub-20724-ses-1/ds/inputs/data/qsiprep/qsiprep/sub-20724/ses-1/dwi/sub-20724_ses-1_space-ACPC_desc-preproc_dwi.nii.gz	0.0	966.507061932133	210.5928321461798	933.4183113558922	966.507061932133	933.4183113558922	210.5928321461798	965.6005998511496	965.6005998511496	sub-20724	ses-1				space-ACPC			DSIStudio	autotrackgqi
ProjectionBasalGanglia_AcousticRadiationR	am	TORTOISE_model-tensor	/scratch/executivefunction/SLURM_8364170_77/job-8364170-77-sub-20724-ses-1/ds/inputs/data/qsiprep/qsiprep/sub-20724/ses-1/dwi/sub-20724_ses-1_space-ACPC_desc-preproc_dwi.nii.gz	0.0	553.4430541992188	150.85818481445312	515.7240600585938	553.4430541992188	515.7240600585938	150.85818481445312	528.5722045898438	528.5722045898438	sub-20724	ses-1				space-ACPC			DSIStudio	autotrackgqi
ProjectionBasalGanglia_AcousticRadiationR	fa	TORTOISE_model-tensor	/scratch/executivefunction/SLURM_8364170_77/job-8364170-77-sub-20724-ses-1/ds/inputs/data/qsiprep/qsiprep/sub-20724/ses-1/dwi/sub-20724_ses-1_space-ACPC_desc-preproc_dwi.nii.gz	0.0	0.4171406114455542	0.1931550594687141	0.394639141469285	0.4171406114455542	0.394639141469285	0.1931550594687141	0.4864796675861643	0.4864796675861643	sub-20724	ses-1				space-ACPC			DSIStudio	autotrackgqi
ProjectionBasalGanglia_AcousticRadiationR	li	TORTOISE_model-tensor	/scratch/executivefunction/SLURM_8364170_77/job-8364170-77-sub-20724-ses-1/ds/inputs/data/qsiprep/qsiprep/sub-20724/ses-1/dwi/sub-20724_ses-1_space-ACPC_desc-preproc_dwi.nii.gz	0.0	0.2736342549324035	0.1573375910520553	0.2412873357534408	0.2736342549324035	0.2412873357534408	0.1573375910520553	0.3296688795089721	0.3296688795089721	sub-20724	ses-1				space-ACPC			DSIStudio	autotrackgqi
ProjectionBasalGanglia_AcousticRadiationR	rd	TORTOISE_model-tensor	/scratch/executivefunction/SLURM_8364170_77/job-8364170-77-sub-20724-ses-1/ds/inputs/data/qsiprep/qsiprep/sub-20724/ses-1/dwi/sub-20724_ses-1_space-ACPC_desc-preproc_dwi.nii.gz	0.0	499.5946086380126	212.36800973300888	464.9995702535914	499.5946086380126	464.9995702535914	212.36800973300888	434.047883608433	434.047883608433	sub-20724	ses-1				space-ACPC			DSIStudio	autotrackgqi
ProjectionBasalGanglia_AnsaLenticularisR	ad	TORTOISE_model-tensor	/scratch/executivefunction/SLURM_8364170_77/job-8364170-77-sub-20724-ses-1/ds/inputs/data/qsiprep/qsiprep/sub-20724/ses-1/dwi/sub-20724_ses-1_space-ACPC_desc-preproc_dwi.nii.gz	0.0	924.5768062006182	253.06176199487604	836.1971738094279	924.5768062006182	836.1971738094279	253.06176199487604	923.8635720456916	923.8635720456916	sub-20724	ses-1				space-ACPC			DSIStudio	autotrackgqi
ProjectionBasalGanglia_AnsaLenticularisR	am	TORTOISE_model-tensor	/scratch/executivefunction/SLURM_8364170_77/job-8364170-77-sub-20724-ses-1/ds/inputs/data/qsiprep/qsiprep/sub-20724/ses-1/dwi/sub-20724_ses-1_space-ACPC_desc-preproc_dwi.nii.gz	0.0	519.0599975585938	182.0188446044922	469.6852722167969	519.0599975585938	469.6852722167969	182.0188446044922	509.3723754882813	509.3723754882813	sub-20724	ses-1				space-ACPC			DSIStudio	autotrackgqi
ProjectionBasalGanglia_AnsaLenticularisR	fa	TORTOISE_model-tensor	/scratch/executivefunction/SLURM_8364170_77/job-8364170-77-sub-20724-ses-1/ds/inputs/data/qsiprep/qsiprep/sub-20724/ses-1/dwi/sub-20724_ses-1_space-ACPC_desc-preproc_dwi.nii.gz	0.0	0.2897439085615032	0.1298029721353502	0.2711342733039146	0.2897439085615032	0.2711342733039146	0.1298029721353502	0.3085330054438522	0.3085330054438522	sub-20724	ses-1				space-ACPC			DSIStudio	autotrackgqi
ProjectionBasalGanglia_AnsaLenticularisR	li	TORTOISE_model-tensor	/scratch/executivefunction/SLURM_8364170_77/job-8364170-77-sub-20724-ses-1/ds/inputs/data/qsiprep/qsiprep/sub-20724/ses-1/dwi/sub-20724_ses-1_space-ACPC_desc-preproc_dwi.nii.gz	0.0	0.1671205163002014	0.0928035676479339	0.1560403108596801	0.1671205163002014	0.1560403108596801	0.0928035676479339	0.1713225543498993	0.1713225543498993	sub-20724	ses-1				space-ACPC			DSIStudio	autotrackgqi
ProjectionBasalGanglia_AnsaLenticularisR	rd	TORTOISE_model-tensor	/scratch/executivefunction/SLURM_8364170_77/job-8364170-77-sub-20724-ses-1/ds/inputs/data/qsiprep/qsiprep/sub-20724/ses-1/dwi/sub-20724_ses-1_space-ACPC_desc-preproc_dwi.nii.gz	0.0	601.9390449871494	218.07589103648695	540.4606490434669	601.9390449871494	540.4606490434669	218.07589103648695	577.0678354735937	577.0678354735937	sub-20724	ses-1				space-ACPC			DSIStudio	autotrackgqi
ProjectionBrainstem_NonDecussatingDentatorubrothalamicTractR	ad	TORTOISE_model-tensor	/scratch/executivefunction/SLURM_8364170_77/job-8364170-77-sub-20724-ses-1/ds/inputs/data/qsiprep/qsiprep/sub-20724/ses-1/dwi/sub-20724_ses-1_space-ACPC_desc-preproc_dwi.nii.gz	0.0	866.0114667023116	229.4984853938921	821.0698761396495	866.0114667023116	821.0698761396495	229.4984853938921	938.2500624725808	938.2500624725808	sub-20724	ses-1				space-ACPC			DSIStudio	autotrackgqi
ProjectionBrainstem_NonDecussatingDentatorubrothalamicTractR	am	TORTOISE_model-tensor	/scratch/executivefunction/SLURM_8364170_77/job-8364170-77-sub-20724-ses-1/ds/inputs/data/qsiprep/qsiprep/sub-20724/ses-1/dwi/sub-20724_ses-1_space-ACPC_desc-preproc_dwi.nii.gz	0.0	566.2499389648438	174.68310546875	522.1085205078125	566.2499389648438	522.1085205078125	174.68310546875	554.6372680664062	554.6372680664062	sub-20724	ses-1				space-ACPC			DSIStudio	autotrackgqi
ProjectionBrainstem_NonDecussatingDentatorubrothalamicTractR	fa	TORTOISE_model-tensor	/scratch/executivefunction/SLURM_8364170_77/job-8364170-77-sub-20724-ses-1/ds/inputs/data/qsiprep/qsiprep/sub-20724/ses-1/dwi/sub-20724_ses-1_space-ACPC_desc-preproc_dwi.nii.gz	0.0	0.3998840852688667	0.1933899531061153	0.3911042086088968	0.3998840852688667	0.3911042086088968	0.1933899531061153	0.4914036156195412	0.4914036156195412	sub-20724	ses-1				space-ACPC			DSIStudio	autotrackgqi
ProjectionBrainstem_NonDecussatingDentatorubrothalamicTractR	li	TORTOISE_model-tensor	/scratch/executivefunction/SLURM_8364170_77/job-8364170-77-sub-20724-ses-1/ds/inputs/data/qsiprep/qsiprep/sub-20724/ses-1/dwi/sub-20724_ses-1_space-ACPC_desc-preproc_dwi.nii.gz	0.0	0.2554759979248047	0.1581362932920456	0.2322621643543243	0.2554759979248047	0.2322621643543243	0.1581362932920456	0.3263568580150604	0.3263568580150604	sub-20724	ses-1				space-ACPC			DSIStudio	autotrackgqi
ProjectionBrainstem_NonDecussatingDentatorubrothalamicTractR	rd	TORTOISE_model-tensor	/scratch/executivefunction/SLURM_8364170_77/job-8364170-77-sub-20724-ses-1/ds/inputs/data/qsiprep/qsiprep/sub-20724/ses-1/dwi/sub-20724_ses-1_space-ACPC_desc-preproc_dwi.nii.gz	0.0	460.9241712380478	218.21340971908745	412.92284508853663	460.9241712380478	412.92284508853663	218.21340971908745	406.02356663833257	406.02356663833257	sub-20724	ses-1				space-ACPC			DSIStudio	autotrackgqi
ProjectionBasalGanglia_FasciculusLenticularisL	ad	TORTOISE_model-tensor	/scratch/executivefunction/SLURM_8364170_77/job-8364170-77-sub-20724-ses-1/ds/inputs/data/qsiprep/qsiprep/sub-20724/ses-1/dwi/sub-20724_ses-1_space-ACPC_desc-preproc_dwi.nii.gz	0.0	828.4158254993501	153.46576644659854	792.803824334315	828.4158254993501	792.803824334315	153.46576644659854	854.173092970198	854.173092970198	sub-20724	ses-1				space-ACPC			DSIStudio	autotrackgqi
ProjectionBasalGanglia_FasciculusLenticularisL	am	TORTOISE_model-tensor	/scratch/executivefunction/SLURM_8364170_77/job-8364170-77-sub-20724-ses-1/ds/inputs/data/qsiprep/qsiprep/sub-20724/ses-1/dwi/sub-20724_ses-1_space-ACPC_desc-preproc_dwi.nii.gz	0.0	414.4832763671875	96.31983947753906	420.79046630859375	414.4832763671875	420.79046630859375	96.31983947753906	414.1559448242188	414.1559448242188	sub-20724	ses-1				space-ACPC			DSIStudio	autotrackgqi
ProjectionBasalGanglia_FasciculusLenticularisL	fa	TORTOISE_model-tensor	/scratch/executivefunction/SLURM_8364170_77/job-8364170-77-sub-20724-ses-1/ds/inputs/data/qsiprep/qsiprep/sub-20724/ses-1/dwi/sub-20724_ses-1_space-ACPC_desc-preproc_dwi.nii.gz	0.0	0.3591773973739623	0.1464221078033237	0.3279469709577075	0.3591773973739623	0.3279469709577075	0.1464221078033237	0.3825818033178276	0.3825818033178276	sub-20724	ses-1				space-ACPC			DSIStudio	autotrackgqi
ProjectionBasalGanglia_FasciculusLenticularisL	li	TORTOISE_model-tensor	/scratch/executivefunction/SLURM_8364170_77/job-8364170-77-sub-20724-ses-1/ds/inputs/data/qsiprep/qsiprep/sub-20724/ses-1/dwi/sub-20724_ses-1_space-ACPC_desc-preproc_dwi.nii.gz	0.0	0.2131353020668029	0.1132593154907226	0.1851810812950134	0.2131353020668029	0.1851810812950134	0.1132593154907226	0.2160092890262603	0.2160092890262603	sub-20724	ses-1				space-ACPC			DSIStudio	autotrackgqi
ProjectionBasalGanglia_FasciculusLenticularisL	rd	TORTOISE_model-tensor	/scratch/executivefunction/SLURM_8364170_77/job-8364170-77-sub-20724-ses-1/ds/inputs/data/qsiprep/qsiprep/sub-20724/ses-1/dwi/sub-20724_ses-1_space-ACPC_desc-preproc_dwi.nii.gz	0.0	473.2539121953032	127.77094489686688	479.7178793511269	473.2539121953032	479.7178793511269	127.77094489686688	461.2752304042864	461.2752304042864	sub-20724	ses-1				space-ACPC			DSIStudio	autotrackgqi
ProjectionBrainstem_ReticularTractL	ad	TORTOISE_model-tensor	/scratch/executivefunction/SLURM_8364170_77/job-8364170-77-sub-20724-ses-1/ds/inputs/data/qsiprep/qsiprep/sub-20724/ses-1/dwi/sub-20724_ses-1_space-ACPC_desc-preproc_dwi.nii.gz	0.0012264922322158	871.7098629928806	203.2769221142205	838.7254622003126	872.7803212773582	838.981081319314	201.09195628320995	859.8816755543462	859.9328282939846	sub-20724	ses-1				space-ACPC			DSIStudio	autotrackgqi
ProjectionBrainstem_ReticularTractL	am	TORTOISE_model-tensor	/scratch/executivefunction/SLURM_8364170_77/job-8364170-77-sub-20724-ses-1/ds/inputs/data/qsiprep/qsiprep/sub-20724/ses-1/dwi/sub-20724_ses-1_space-ACPC_desc-preproc_dwi.nii.gz	0.0	626.5200805664062	273.7462463378906	552.9606323242188	626.5200805664062	552.9606323242188	273.7462463378906	517.7054443359375	517.7054443359375	sub-20724	ses-1				space-ACPC			DSIStudio	autotrackgqi
ProjectionBrainstem_ReticularTractL	fa	TORTOISE_model-tensor	/scratch/executivefunction/SLURM_8364170_77/job-8364170-77-sub-20724-ses-1/ds/inputs/data/qsiprep/qsiprep/sub-20724/ses-1/dwi/sub-20724_ses-1_space-ACPC_desc-preproc_dwi.nii.gz	0.0012264922322158	0.3777452127901948	0.1849056236140868	0.3719319535319458	0.3782090832930072	0.3726488456568892	0.1845443983993594	0.4519434979880974	0.4519703833524201	sub-20724	ses-1				space-ACPC			DSIStudio	autotrackgqi
ProjectionBrainstem_ReticularTractL	li	TORTOISE_model-tensor	/scratch/executivefunction/SLURM_8364170_77/job-8364170-77-sub-20724-ses-1/ds/inputs/data/qsiprep/qsiprep/sub-20724/ses-1/dwi/sub-20724_ses-1_space-ACPC_desc-preproc_dwi.nii.gz	0.0016353229762878	0.2331176400184631	0.1408914625644683	0.2165476679801941	0.2334994822740554	0.2170160710811615	0.1406902968883514	0.2855083048343658	0.2855330109596252	sub-20724	ses-1				space-ACPC			DSIStudio	autotrackgqi
ProjectionBrainstem_ReticularTractL	rd	TORTOISE_model-tensor	/scratch/executivefunction/SLURM_8364170_77/job-8364170-77-sub-20724-ses-1/ds/inputs/data/qsiprep/qsiprep/sub-20724/ses-1/dwi/sub-20724_ses-1_space-ACPC_desc-preproc_dwi.nii.gz	0.0012264922322158	484.41371544559854	204.49119884765443	436.969970068866	485.00857469502006	437.72434766594574	203.91049347121867	403.46746047412336	403.4914617348221	sub-20724	ses-1				space-ACPC			DSIStudio	autotrackgqi
ProjectionBasalGanglia_ThalamicRadiationL	ad	TORTOISE_model-tensor	/scratch/executivefunction/SLURM_8364170_77/job-8364170-77-sub-20724-ses-1/ds/inputs/data/qsiprep/qsiprep/sub-20724/ses-1/dwi/sub-20724_ses-1_space-ACPC_desc-preproc_dwi.nii.gz	0.0008262755629002	893.2350452314294	206.5574433947325	851.6335384967691	893.9737138650712	851.7047707955616	205.03880142069164	879.952914082922	879.9732115523694	sub-20724	ses-1				space-ACPC			DSIStudio	autotrackgqi
ProjectionBasalGanglia_ThalamicRadiationL	am	TORTOISE_model-tensor	/scratch/executivefunction/SLURM_8364170_77/job-8364170-77-sub-20724-ses-1/ds/inputs/data/qsiprep/qsiprep/sub-20724/ses-1/dwi/sub-20724_ses-1_space-ACPC_desc-preproc_dwi.nii.gz	0.0008262755629002	621.8333129882812	279.2787780761719	520.9374389648438	622.3475341796875	521.0499267578125	278.8209228515625	516.5803833007812	516.5923461914062	sub-20724	ses-1				space-ACPC			DSIStudio	autotrackgqi
ProjectionBasalGanglia_ThalamicRadiationL	fa	TORTOISE_model-tensor	/scratch/executivefunction/SLURM_8364170_77/job-8364170-77-sub-20724-ses-1/ds/inputs/data/qsiprep/qsiprep/sub-20724/ses-1/dwi/sub-20724_ses-1_space-ACPC_desc-preproc_dwi.nii.gz	0.0008262755629002	0.3627024175352403	0.1931868283550529	0.3500113727620678	0.3630023575125281	0.3502348413070376	0.1929848045499111	0.4491916315105043	0.4492019927500382	sub-20724	ses-1				space-ACPC			DSIStudio	autotrackgqi
ProjectionBasalGanglia_ThalamicRadiationL	li	TORTOISE_model-tensor	/scratch/executivefunction/SLURM_8364170_77/job-8364170-77-sub-20724-ses-1/ds/inputs/data/qsiprep/qsiprep/sub-20724/ses-1/dwi/sub-20724_ses-1_space-ACPC_desc-preproc_dwi.nii.gz	0.0008262755629002	0.2251176089048385	0.1509671807289123	0.1992450058460235	0.2253037691116333	0.1993838548660278	0.1508906781673431	0.2928381562232971	0.2928448617458343	sub-20724	ses-1				space-ACPC			DSIStudio	autotrackgqi
ProjectionBasalGanglia_ThalamicRadiationL	rd	TORTOISE_model-tensor	/scratch/executivefunction/SLURM_8364170_77/job-8364170-77-sub-20724-ses-1/ds/inputs/data/qsiprep/qsiprep/sub-20724/ses-1/dwi/sub-20724_ses-1_space-ACPC_desc-preproc_dwi.nii.gz	0.0008262755629002	517.626359426237	239.36590655942348	466.0168580533658	518.0544151297112	466.4531687763808	239.00138606598887	421.6926582272896	421.70238529631496	sub-20724	ses-1				space-ACPC			DSIStudio	autotrackgqi
ProjectionBrainstem_DentatorubrothalamicTract-lr	ad	TORTOISE_model-tensor	/scratch/executivefunction/SLURM_8364170_77/job-8364170-77-sub-20724-ses-1/ds/inputs/data/qsiprep/qsiprep/sub-20724/ses-1/dwi/sub-20724_ses-1_space-ACPC_desc-preproc_dwi.nii.gz	0.0	934.3835627040532	255.06711498839596	911.2940597027246	934.3835627040532	911.2940597027246	255.06711498839596	909.3311955151528	909.3311955151528	sub-20724	ses-1				space-ACPC			DSIStudio	autotrackgqi
ProjectionBrainstem_DentatorubrothalamicTract-lr	am	TORTOISE_model-tensor	/scratch/executivefunction/SLURM_8364170_77/job-8364170-77-sub-20724-ses-1/ds/inputs/data/qsiprep/qsiprep/sub-20724/ses-1/dwi/sub-20724_ses-1_space-ACPC_desc-preproc_dwi.nii.gz	0.0	592.4525756835938	213.58665466308597	509.052001953125	592.4525756835938	509.052001953125	213.58665466308597	531.5052490234375	531.5052490234375	sub-20724	ses-1				space-ACPC			DSIStudio	autotrackgqi
ProjectionBrainstem_DentatorubrothalamicTract-lr	fa	TORTOISE_model-tensor	/scratch/executivefunction/SLURM_8364170_77/job-8364170-77-sub-20724-ses-1/ds/inputs/data/qsiprep/qsiprep/sub-20724/ses-1/dwi/sub-20724_ses-1_space-ACPC_desc-preproc_dwi.nii.gz	0.0	0.4354599402900494	0.1925451488899091	0.4279216385875101	0.4354599402900494	0.4279216385875101	0.1925451488899091	0.4955946473011491	0.4955946473011491	sub-20724	ses-1				space-ACPC			DSIStudio	autotrackgqi
ProjectionBrainstem_DentatorubrothalamicTract-lr	li	TORTOISE_model-tensor	/scratch/executivefunction/SLURM_8364170_77/job-8364170-77-sub-20724-ses-1/ds/inputs/data/qsiprep/qsiprep/sub-20724/ses-1/dwi/sub-20724_ses-1_space-ACPC_desc-preproc_dwi.nii.gz	0.0	0.278597742319107	0.1586150974035263	0.2602879405021667	0.278597742319107	0.2602879405021667	0.1586150974035263	0.3287830054759979	0.3287830054759979	sub-20724	ses-1				space-ACPC			DSIStudio	autotrackgqi
ProjectionBrainstem_DentatorubrothalamicTract-lr	rd	TORTOISE_model-tensor	/scratch/executivefunction/SLURM_8364170_77/job-8364170-77-sub-20724-ses-1/ds/inputs/data/qsiprep/qsiprep/sub-20724/ses-1/dwi/sub-20724_ses-1_space-ACPC_desc-preproc_dwi.nii.gz	0.0	469.9422883886247	240.25080179070383	398.1151506824824	469.9422883886247	398.1151506824824	240.25080179070383	397.0841856130175	397.0841856130175	sub-20724	ses-1				space-ACPC			DSIStudio	autotrackgqi
ProjectionBasalGanglia_OpticRadiationL	ad	TORTOISE_model-tensor	/scratch/executivefunction/SLURM_8364170_77/job-8364170-77-sub-20724-ses-1/ds/inputs/data/qsiprep/qsiprep/sub-20724/ses-1/dwi/sub-20724_ses-1_space-ACPC_desc-preproc_dwi.nii.gz	0.0085011185682326	910.2711290147108	243.3729616844318	838.8693750348898	918.0758002472378	840.133235721672	229.28794245620267	995.457592495768	995.7734080299754	sub-20724	ses-1				space-ACPC			DSIStudio	autotrackgqi
ProjectionBasalGanglia_OpticRadiationL	am	TORTOISE_model-tensor	/scratch/executivefunction/SLURM_8364170_77/job-8364170-77-sub-20724-ses-1/ds/inputs/data/qsiprep/qsiprep/sub-20724/ses-1/dwi/sub-20724_ses-1_space-ACPC_desc-preproc_dwi.nii.gz	0.0085011185682326	648.9087524414062	185.9698638916016	635.140380859375	654.4724731445312	639.478759765625	176.7484130859375	576.5501098632812	576.7330322265625	sub-20724	ses-1				space-ACPC			DSIStudio	autotrackgqi
ProjectionBasalGanglia_OpticRadiationL	fa	TORTOISE_model-tensor	/scratch/executivefunction/SLURM_8364170_77/job-8364170-77-sub-20724-ses-1/ds/inputs/data/qsiprep/qsiprep/sub-20724/ses-1/dwi/sub-20724_ses-1_space-ACPC_desc-preproc_dwi.nii.gz	0.0085011185682326	0.3676554618350707	0.2160386237538676	0.3520694550927809	0.3708077424193966	0.3552977950449466	0.2142521151854625	0.508144426043744	0.508305638102108	sub-20724	ses-1				space-ACPC			DSIStudio	autotrackgqi
ProjectionBasalGanglia_OpticRadiationL	li	TORTOISE_model-tensor	/scratch/executivefunction/SLURM_8364170_77/job-8364170-77-sub-20724-ses-1/ds/inputs/data/qsiprep/qsiprep/sub-20724/ses-1/dwi/sub-20724_ses-1_space-ACPC_desc-preproc_dwi.nii.gz	0.0085011185682326	0.2183323204517364	0.1584948450326919	0.1862267851829528	0.2202043086290359	0.188268780708313	0.1578726917505264	0.3191981315612793	0.3192993998527527	sub-20724	ses-1				space-ACPC			DSIStudio	autotrackgqi
ProjectionBasalGanglia_OpticRadiationL	rd	TORTOISE_model-tensor	/scratch/executivefunction/SLURM_8364170_77/job-8364170-77-sub-20724-ses-1/ds/inputs/data/qsiprep/qsiprep/sub-20724/ses-1/dwi/sub-20724_ses-1_space-ACPC_desc-preproc_dwi.nii.gz	0.0085011185682326	494.9680112994009	182.3058635440752	471.841906844856	499.21187060205824	474.3477941114566	177.20554094082792	403.2347932582898	403.3627224206418	sub-20724	ses-1				space-ACPC			DSIStudio	autotrackgqi
ProjectionBrainstem_MedialForebrainBundleL	ad	TORTOISE_model-tensor	/scratch/executivefunction/SLURM_8364170_77/job-8364170-77-sub-20724-ses-1/ds/inputs/data/qsiprep/qsiprep/sub-20724/ses-1/dwi/sub-20724_ses-1_space-ACPC_desc-preproc_dwi.nii.gz	0.0049680624556423	873.342975086068	244.35075054711143	824.8263551841735	877.7034606963408	826.6002165110143	237.01938012892413	860.2048516156324	862.2290096557211	sub-20724	ses-1				space-ACPC			DSIStudio	autotrackgqi
ProjectionBrainstem_MedialForebrainBundleL	am	TORTOISE_model-tensor	/scratch/executivefunction/SLURM_8364170_77/job-8364170-77-sub-20724-ses-1/ds/inputs/data/qsiprep/qsiprep/sub-20724/ses-1/dwi/sub-20724_ses-1_space-ACPC_desc-preproc_dwi.nii.gz	0.0	587.7706909179688	227.2487945556641	581.1798095703125	587.7706909179688	581.1798095703125	227.2487945556641	573.7406616210938	573.7406005859375	sub-20724	ses-1				space-ACPC			DSIStudio	autotrackgqi
ProjectionBrainstem_MedialForebrainBundleL	fa	TORTOISE_model-tensor	/scratch/executivefunction/SLURM_8364170_77/job-8364170-77-sub-20724-ses-1/ds/inputs/data/qsiprep/qsiprep/sub-20724/ses-1/dwi/sub-20724_ses-1_space-ACPC_desc-preproc_dwi.nii.gz	0.0049680624556423	0.3515726705086262	0.1493196151232334	0.3515329285697462	0.3533280262101671	0.352523277720179	0.1476057376936803	0.4024257065597733	0.4033726589852903	sub-20724	ses-1				space-ACPC			DSIStudio	autotrackgqi
ProjectionBrainstem_MedialForebrainBundleL	li	TORTOISE_model-tensor	/scratch/executivefunction/SLURM_8364170_77/job-8364170-77-sub-20724-ses-1/ds/inputs/data/qsiprep/qsiprep/sub-20724/ses-1/dwi/sub-20724_ses-1_space-ACPC_desc-preproc_dwi.nii.gz	0.0056777856635912	0.2081094086170196	0.1069092825055122	0.2018590718507766	0.2092977613210678	0.2022204995155334	0.1060478165745735	0.2440346032381057	0.2446436285972595	sub-20724	ses-1				space-ACPC			DSIStudio	autotrackgqi
ProjectionBrainstem_MedialForebrainBundleL	rd	TORTOISE_model-tensor	/scratch/executivefunction/SLURM_8364170_77/job-8364170-77-sub-20724-ses-1/ds/inputs/data/qsiprep/qsiprep/sub-20724/ses-1/dwi/sub-20724_ses-1_space-ACPC_desc-preproc_dwi.nii.gz	0.0049680624556423	505.1452892876135	207.5435839963566	443.6265610033296	507.6674127006044	444.4552451740307	204.9609812911069	447.0432555762235	448.095198592599	sub-20724	ses-1				space-ACPC			DSIStudio	autotrackgqi
ProjectionBasalGanglia_AcousticRadiationL	ad	TORTOISE_model-tensor	/scratch/executivefunction/SLURM_8364170_77/job-8364170-77-sub-20724-ses-1/ds/inputs/data/qsiprep/qsiprep/sub-20724/ses-1/dwi/sub-20724_ses-1_space-ACPC_desc-preproc_dwi.nii.gz	0.0	1062.394007566972	310.2633179202697	1014.387295010662	1062.394007566972	1014.387295010662	310.2633179202697	1052.7487030794612	1052.7487030794612	sub-20724	ses-1				space-ACPC			DSIStudio	autotrackgqi
ProjectionBasalGanglia_AcousticRadiationL	am	TORTOISE_model-tensor	/scratch/executivefunction/SLURM_8364170_77/job-8364170-77-sub-20724-ses-1/ds/inputs/data/qsiprep/qsiprep/sub-20724/ses-1/dwi/sub-20724_ses-1_space-ACPC_desc-preproc_dwi.nii.gz	0.0	581.0227661132812	196.8610382080078	517.9312744140625	581.0227661132812	517.9312744140625	196.8610382080078	540.7674560546875	540.7674560546875	sub-20724	ses-1				space-ACPC			DSIStudio	autotrackgqi
ProjectionBasalGanglia_AcousticRadiationL	fa	TORTOISE_model-tensor	/scratch/executivefunction/SLURM_8364170_77/job-8364170-77-sub-20724-ses-1/ds/inputs/data/qsiprep/qsiprep/sub-20724/ses-1/dwi/sub-20724_ses-1_space-ACPC_desc-preproc_dwi.nii.gz	0.0	0.4331359545457826	0.194328404186776	0.4282431536925276	0.4331359545457826	0.4282431536925276	0.194328404186776	0.4899434270915721	0.4899434270915721	sub-20724	ses-1				space-ACPC			DSIStudio	autotrackgqi
ProjectionBasalGanglia_AcousticRadiationL	li	TORTOISE_model-tensor	/scratch/executivefunction/SLURM_8364170_77/job-8364170-77-sub-20724-ses-1/ds/inputs/data/qsiprep/qsiprep/sub-20724/ses-1/dwi/sub-20724_ses-1_space-ACPC_desc-preproc_dwi.nii.gz	0.0	0.2752191126346588	0.1542349904775619	0.2586904764175415	0.2752191126346588	0.2586904764175415	0.1542349904775619	0.3165283203125	0.3165283203125	sub-20724	ses-1				space-ACPC			DSIStudio	autotrackgqi
ProjectionBasalGanglia_AcousticRadiationL	rd	TORTOISE_model-tensor	/scratch/executivefunction/SLURM_8364170_77/job-8364170-77-sub-20724-ses-1/ds/inputs/data/qsiprep/qsiprep/sub-20724/ses-1/dwi/sub-20724_ses-1_space-ACPC_desc-preproc_dwi.nii.gz	0.0	527.4138647413171	248.6823581110752	461.9277856451977	527.4138647413171	461.9277856451977	248.6823581110752	461.9421793801738	461.9421793801738	sub-20724	ses-1				space-ACPC			DSIStudio	autotrackgqi
ProjectionBrainstem_CorticospinalTractL	ad	TORTOISE_model-tensor	/scratch/executivefunction/SLURM_8364170_77/job-8364170-77-sub-20724-ses-1/ds/inputs/data/qsiprep/qsiprep/sub-20724/ses-1/dwi/sub-20724_ses-1_space-ACPC_desc-preproc_dwi.nii.gz	0.0	917.1971102339588	192.48972870841916	883.9477225342259	917.1971102339588	883.9477225342259	192.48972870841916	943.3814703797614	943.3815508607928	sub-20724	ses-1				space-ACPC			DSIStudio	autotrackgqi
ProjectionBrainstem_CorticospinalTractL	am	TORTOISE_model-tensor	/scratch/executivefunction/SLURM_8364170_77/job-8364170-77-sub-20724-ses-1/ds/inputs/data/qsiprep/qsiprep/sub-20724/ses-1/dwi/sub-20724_ses-1_space-ACPC_desc-preproc_dwi.nii.gz	0.0	605.6434936523438	191.9244384765625	539.7156982421875	605.6434936523438	539.7156982421875	191.9244384765625	568.6383666992188	568.638427734375	sub-20724	ses-1				space-ACPC			DSIStudio	autotrackgqi
ProjectionBrainstem_CorticospinalTractL	fa	TORTOISE_model-tensor	/scratch/executivefunction/SLURM_8364170_77/job-8364170-77-sub-20724-ses-1/ds/inputs/data/qsiprep/qsiprep/sub-20724/ses-1/dwi/sub-20724_ses-1_space-ACPC_desc-preproc_dwi.nii.gz	0.0	0.4431406932406781	0.2204267055322073	0.4637222275199538	0.4431406932406781	0.4637222275199538	0.2204267055322073	0.5774043149525092	0.5774043642690536	sub-20724	ses-1				space-ACPC			DSIStudio	autotrackgqi
ProjectionBrainstem_CorticospinalTractL	li	TORTOISE_model-tensor	/scratch/executivefunction/SLURM_8364170_77/job-8364170-77-sub-20724-ses-1/ds/inputs/data/qsiprep/qsiprep/sub-20724/ses-1/dwi/sub-20724_ses-1_space-ACPC_desc-preproc_dwi.nii.gz	0.0	0.3054279685020447	0.1938945800065994	0.291159451007843	0.3054279685020447	0.291159451007843	0.1938945800065994	0.429699957370758	0.429699957370758	sub-20724	ses-1				space-ACPC			DSIStudio	autotrackgqi
ProjectionBrainstem_CorticospinalTractL	rd	TORTOISE_model-tensor	/scratch/executivefunction/SLURM_8364170_77/job-8364170-77-sub-20724-ses-1/ds/inputs/data/qsiprep/qsiprep/sub-20724/ses-1/dwi/sub-20724_ses-1_space-ACPC_desc-preproc_dwi.nii.gz	0.0	451.7317473391472	224.21369401392624	384.169783642721	451.7317473391472	384.169783642721	224.21369401392624	338.0314812314699	338.0315098221447	sub-20724	ses-1				space-ACPC			DSIStudio	autotrackgqi
ProjectionBasalGanglia_FornixL	ad	TORTOISE_model-tensor	/scratch/executivefunction/SLURM_8364170_77/job-8364170-77-sub-20724-ses-1/ds/inputs/data/qsiprep/qsiprep/sub-20724/ses-1/dwi/sub-20724_ses-1_space-ACPC_desc-preproc_dwi.nii.gz	0.0	1012.6471464500538	262.6953817031274	928.123100122966	1012.6471464500538	928.123100122966	262.6953817031274	1017.500510083342	1017.500510083342	sub-20724	ses-1				space-ACPC			DSIStudio	autotrackgqi
ProjectionBasalGanglia_FornixL	am	TORTOISE_model-tensor	/scratch/executivefunction/SLURM_8364170_77/job-8364170-77-sub-20724-ses-1/ds/inputs/data/qsiprep/qsiprep/sub-20724/ses-1/dwi/sub-20724_ses-1_space-ACPC_desc-preproc_dwi.nii.gz	0.0	602.7498779296875	205.82655334472656	558.2733154296875	602.7498779296875	558.2733154296875	205.82655334472656	549.6983032226562	549.6983032226562	sub-20724	ses-1				space-ACPC			DSIStudio	autotrackgqi
ProjectionBasalGanglia_FornixL	fa	TORTOISE_model-tensor	/scratch/executivefunction/SLURM_8364170_77/job-8364170-77-sub-20724-ses-1/ds/inputs/data/qsiprep/qsiprep/sub-20724/ses-1/dwi/sub-20724_ses-1_space-ACPC_desc-preproc_dwi.nii.gz	0.0	0.3120724628629968	0.1560673507771862	0.288984258290588	0.3120724628629968	0.288984258290588	0.1560673507771862	0.3533286249909613	0.3533286249909613	sub-20724	ses-1				space-ACPC			DSIStudio	autotrackgqi
ProjectionBasalGanglia_FornixL	li	TORTOISE_model-tensor	/scratch/executivefunction/SLURM_8364170_77/job-8364170-77-sub-20724-ses-1/ds/inputs/data/qsiprep/qsiprep/sub-20724/ses-1/dwi/sub-20724_ses-1_space-ACPC_desc-preproc_dwi.nii.gz	0.0	0.1884273141622543	0.1135798096656799	0.16864013671875	0.1884273141622543	0.16864013671875	0.1135798096656799	0.2176656126976013	0.2176656126976013	sub-20724	ses-1				space-ACPC			DSIStudio	autotrackgqi
ProjectionBasalGanglia_FornixL	rd	TORTOISE_model-tensor	/scratch/executivefunction/SLURM_8364170_77/job-8364170-77-sub-20724-ses-1/ds/inputs/data/qsiprep/qsiprep/sub-20724/ses-1/dwi/sub-20724_ses-1_space-ACPC_desc-preproc_dwi.nii.gz	0.0	622.368873222664	213.08891298497176	578.4591663671391	622.368873222664	578.4591663671391	213.08891298497176	571.1445327333705	571.1445327333705	sub-20724	ses-1				space-ACPC			DSIStudio	autotrackgqi
ProjectionBasalGanglia_FasciculusSubthalamicusL	ad	TORTOISE_model-tensor	/scratch/executivefunction/SLURM_8364170_77/job-8364170-77-sub-20724-ses-1/ds/inputs/data/qsiprep/qsiprep/sub-20724/ses-1/dwi/sub-20724_ses-1_space-ACPC_desc-preproc_dwi.nii.gz	0.0	774.3127888976209	151.47783333691874	728.9220675908662	774.3127888976209	728.9220675908662	151.47783333691874	778.3197586221156	778.3197586221156	sub-20724	ses-1				space-ACPC			DSIStudio	autotrackgqi
ProjectionBasalGanglia_FasciculusSubthalamicusL	am	TORTOISE_model-tensor	/scratch/executivefunction/SLURM_8364170_77/job-8364170-77-sub-20724-ses-1/ds/inputs/data/qsiprep/qsiprep/sub-20724/ses-1/dwi/sub-20724_ses-1_space-ACPC_desc-preproc_dwi.nii.gz	0.0	416.7406311035156	94.34063720703124	418.3351440429688	416.7406311035156	418.3351440429688	94.34063720703124	415.2186279296875	415.2186279296875	sub-20724	ses-1				space-ACPC			DSIStudio	autotrackgqi
ProjectionBasalGanglia_FasciculusSubthalamicusL	fa	TORTOISE_model-tensor	/scratch/executivefunction/SLURM_8364170_77/job-8364170-77-sub-20724-ses-1/ds/inputs/data/qsiprep/qsiprep/sub-20724/ses-1/dwi/sub-20724_ses-1_space-ACPC_desc-preproc_dwi.nii.gz	0.0	0.3716800391597847	0.1619363216426567	0.3436156083355919	0.3716800391597847	0.3436156083355919	0.1619363216426567	0.4099421864749199	0.4099421864749199	sub-20724	ses-1				space-ACPC			DSIStudio	autotrackgqi
ProjectionBasalGanglia_FasciculusSubthalamicusL	li	TORTOISE_model-tensor	/scratch/executivefunction/SLURM_8364170_77/job-8364170-77-sub-20724-ses-1/ds/inputs/data/qsiprep/qsiprep/sub-20724/ses-1/dwi/sub-20724_ses-1_space-ACPC_desc-preproc_dwi.nii.gz	0.0	0.2298967987298965	0.1275701522827148	0.1993481218814849	0.2298967987298965	0.1993481218814849	0.1275701522827148	0.2565990686416626	0.2565990686416626	sub-20724	ses-1				space-ACPC			DSIStudio	autotrackgqi
ProjectionBasalGanglia_FasciculusSubthalamicusL	rd	TORTOISE_model-tensor	/scratch/executivefunction/SLURM_8364170_77/job-8364170-77-sub-20724-ses-1/ds/inputs/data/qsiprep/qsiprep/sub-20724/ses-1/dwi/sub-20724_ses-1_space-ACPC_desc-preproc_dwi.nii.gz	0.0	434.0609270650832	127.41495819731531	426.9169762423665	434.0609270650832	426.9169762423665	127.41495819731531	405.3957726589853	405.3957726589853	sub-20724	ses-1				space-ACPC			DSIStudio	autotrackgqi
ProjectionBasalGanglia_ThalamicRadiationR	ad	TORTOISE_model-tensor	/scratch/executivefunction/SLURM_8364170_77/job-8364170-77-sub-20724-ses-1/ds/inputs/data/qsiprep/qsiprep/sub-20724/ses-1/dwi/sub-20724_ses-1_space-ACPC_desc-preproc_dwi.nii.gz	0.0001133272892112	894.1919293713541	212.97911588288116	849.7652422044395	894.2932772042195	849.767996821189	212.77831242138956	888.3444203312871	888.3468043780733	sub-20724	ses-1				space-ACPC			DSIStudio	autotrackgqi
ProjectionBasalGanglia_ThalamicRadiationR	am	TORTOISE_model-tensor	/scratch/executivefunction/SLURM_8364170_77/job-8364170-77-sub-20724-ses-1/ds/inputs/data/qsiprep/qsiprep/sub-20724/ses-1/dwi/sub-20724_ses-1_space-ACPC_desc-preproc_dwi.nii.gz	0.0001133272892112	578.4559326171875	209.03485107421875	507.1041564941406	578.521484375	507.1181640625	208.95594787597656	486.159912109375	486.16119384765625	sub-20724	ses-1				space-ACPC			DSIStudio	autotrackgqi
ProjectionBasalGanglia_ThalamicRadiationR	fa	TORTOISE_model-tensor	/scratch/executivefunction/SLURM_8364170_77/job-8364170-77-sub-20724-ses-1/ds/inputs/data/qsiprep/qsiprep/sub-20724/ses-1/dwi/sub-20724_ses-1_space-ACPC_desc-preproc_dwi.nii.gz	0.0001133272892112	0.3492453193643554	0.1795214309778325	0.3273035291982487	0.3492849028755606	0.3273911412636174	0.1794930945105283	0.4286304627058819	0.4286316130692927	sub-20724	ses-1				space-ACPC			DSIStudio	autotrackgqi
ProjectionBasalGanglia_ThalamicRadiationR	li	TORTOISE_model-tensor	/scratch/executivefunction/SLURM_8364170_77/job-8364170-77-sub-20724-ses-1/ds/inputs/data/qsiprep/qsiprep/sub-20724/ses-1/dwi/sub-20724_ses-1_space-ACPC_desc-preproc_dwi.nii.gz	0.0001133272892112	0.2144228667020797	0.1416513472795486	0.1850125640630722	0.2144471704959869	0.1850126236677169	0.1416409909725189	0.2773023247718811	0.2773030400276184	sub-20724	ses-1				space-ACPC			DSIStudio	autotrackgqi
ProjectionBasalGanglia_ThalamicRadiationR	rd	TORTOISE_model-tensor	/scratch/executivefunction/SLURM_8364170_77/job-8364170-77-sub-20724-ses-1/ds/inputs/data/qsiprep/qsiprep/sub-20724/ses-1/dwi/sub-20724_ses-1_space-ACPC_desc-preproc_dwi.nii.gz	0.0001133272892112	529.505013427257	235.51534675034472	484.1946618705719	529.5650275962955	484.1958049605288	235.46121515292012	441.9209765405274	441.9221624401652	sub-20724	ses-1				space-ACPC			DSIStudio	autotrackgqi
ProjectionBasalGanglia_OpticRadiationR	ad	TORTOISE_model-tensor	/scratch/executivefunction/SLURM_8364170_77/job-8364170-77-sub-20724-ses-1/ds/inputs/data/qsiprep/qsiprep/sub-20724/ses-1/dwi/sub-20724_ses-1_space-ACPC_desc-preproc_dwi.nii.gz	0.0042573320719016	950.4775662130858	309.9408979084706	838.2785875714181	954.541365783593	839.2875937221108	304.2942944077675	1033.6142599795648	1033.742790407986	sub-20724	ses-1				space-ACPC			DSIStudio	autotrackgqi
ProjectionBasalGanglia_OpticRadiationR	am	TORTOISE_model-tensor	/scratch/executivefunction/SLURM_8364170_77/job-8364170-77-sub-20724-ses-1/ds/inputs/data/qsiprep/qsiprep/sub-20724/ses-1/dwi/sub-20724_ses-1_space-ACPC_desc-preproc_dwi.nii.gz	0.0042573320719016	675.228271484375	197.3146514892578	656.0855712890625	678.115234375	656.8912353515625	192.72216796875	604.6132202148438	604.6884155273438	sub-20724	ses-1				space-ACPC			DSIStudio	autotrackgqi
ProjectionBasalGanglia_OpticRadiationR	fa	TORTOISE_model-tensor	/scratch/executivefunction/SLURM_8364170_77/job-8364170-77-sub-20724-ses-1/ds/inputs/data/qsiprep/qsiprep/sub-20724/ses-1/dwi/sub-20724_ses-1_space-ACPC_desc-preproc_dwi.nii.gz	0.0042573320719016	0.3316404771157668	0.2084405909802438	0.2934725088781404	0.333058417397972	0.2956724500017782	0.207752218324741	0.4566513523373773	0.4567081369972862	sub-20724	ses-1				space-ACPC			DSIStudio	autotrackgqi
ProjectionBasalGanglia_OpticRadiationR	li	TORTOISE_model-tensor	/scratch/executivefunction/SLURM_8364170_77/job-8364170-77-sub-20724-ses-1/ds/inputs/data/qsiprep/qsiprep/sub-20724/ses-1/dwi/sub-20724_ses-1_space-ACPC_desc-preproc_dwi.nii.gz	0.0042573320719016	0.1940526366233825	0.1532253175973892	0.152612954378128	0.1948823034763336	0.1537762880325317	0.153025135397911	0.2909221053123474	0.2909582853317261	sub-20724	ses-1				space-ACPC			DSIStudio	autotrackgqi
ProjectionBasalGanglia_OpticRadiationR	rd	TORTOISE_model-tensor	/scratch/executivefunction/SLURM_8364170_77/job-8364170-77-sub-20724-ses-1/ds/inputs/data/qsiprep/qsiprep/sub-20724/ses-1/dwi/sub-20724_ses-1_space-ACPC_desc-preproc_dwi.nii.gz	0.0042573320719016	552.5206362724252	214.4205540054268	523.2563550069924	554.8829572826162	523.7205383597417	211.80636210265848	472.0232065557192	472.08190276700486	sub-20724	ses-1				space-ACPC			DSIStudio	autotrackgqi
ProjectionBasalGanglia_FasciculusLenticularisR	ad	TORTOISE_model-tensor	/scratch/executivefunction/SLURM_8364170_77/job-8364170-77-sub-20724-ses-1/ds/inputs/data/qsiprep/qsiprep/sub-20724/ses-1/dwi/sub-20724_ses-1_space-ACPC_desc-preproc_dwi.nii.gz	0.0	893.2799370572453	232.5714952631292	804.5611998578619	893.2799370572453	804.5611998578619	232.5714952631292	928.8367652107598	928.8367652107598	sub-20724	ses-1				space-ACPC			DSIStudio	autotrackgqi
ProjectionBasalGanglia_FasciculusLenticularisR	am	TORTOISE_model-tensor	/scratch/executivefunction/SLURM_8364170_77/job-8364170-77-sub-20724-ses-1/ds/inputs/data/qsiprep/qsiprep/sub-20724/ses-1/dwi/sub-20724_ses-1_space-ACPC_desc-preproc_dwi.nii.gz	0.0	468.8567199707031	122.78121948242188	445.0366821289063	468.8567199707031	445.0366821289063	122.78121948242188	482.4949035644531	482.4949035644531	sub-20724	ses-1				space-ACPC			DSIStudio	autotrackgqi
ProjectionBasalGanglia_FasciculusLenticularisR	fa	TORTOISE_model-tensor	/scratch/executivefunction/SLURM_8364170_77/job-8364170-77-sub-20724-ses-1/ds/inputs/data/qsiprep/qsiprep/sub-20724/ses-1/dwi/sub-20724_ses-1_space-ACPC_desc-preproc_dwi.nii.gz	0.0	0.3084387709722915	0.1234686337534519	0.2799897428736978	0.3084387709722915	0.2799897428736978	0.1234686337534519	0.3303141913777225	0.3303141913777225	sub-20724	ses-1				space-ACPC			DSIStudio	autotrackgqi
ProjectionBasalGanglia_FasciculusLenticularisR	li	TORTOISE_model-tensor	/scratch/executivefunction/SLURM_8364170_77/job-8364170-77-sub-20724-ses-1/ds/inputs/data/qsiprep/qsiprep/sub-20724/ses-1/dwi/sub-20724_ses-1_space-ACPC_desc-preproc_dwi.nii.gz	0.0	0.1780150085687637	0.08964604139328	0.1577141880989074	0.1780150085687637	0.1577141880989074	0.08964604139328	0.1807084083557129	0.1807084083557129	sub-20724	ses-1				space-ACPC			DSIStudio	autotrackgqi
ProjectionBasalGanglia_FasciculusLenticularisR	rd	TORTOISE_model-tensor	/scratch/executivefunction/SLURM_8364170_77/job-8364170-77-sub-20724-ses-1/ds/inputs/data/qsiprep/qsiprep/sub-20724/ses-1/dwi/sub-20724_ses-1_space-ACPC_desc-preproc_dwi.nii.gz	0.0	553.9882866718004	154.21679361815498	528.3389260961163	553.9882866718004	528.3389260961163	154.21679361815498	547.0752825172187	547.0752825172187	sub-20724	ses-1				space-ACPC			DSIStudio	autotrackgqi
ProjectionBasalGanglia_AnsaSubthalamicaR	ad	TORTOISE_model-tensor	/scratch/executivefunction/SLURM_8364170_77/job-8364170-77-sub-20724-ses-1/ds/inputs/data/qsiprep/qsiprep/sub-20724/ses-1/dwi/sub-20724_ses-1_space-ACPC_desc-preproc_dwi.nii.gz	0.0	855.079880334177	179.5242653645391	824.6689648844654	855.079880334177	824.6689648844654	179.5242653645391	880.9532730071422	880.9532730071422	sub-20724	ses-1				space-ACPC			DSIStudio	autotrackgqi
ProjectionBasalGanglia_AnsaSubthalamicaR	am	TORTOISE_model-tensor	/scratch/executivefunction/SLURM_8364170_77/job-8364170-77-sub-20724-ses-1/ds/inputs/data/qsiprep/qsiprep/sub-20724/ses-1/dwi/sub-20724_ses-1_space-ACPC_desc-preproc_dwi.nii.gz	0.0	453.7620849609375	160.29234313964844	421.2539978027344	453.7620849609375	421.2539978027344	160.29234313964844	464.3035583496094	464.3035583496094	sub-20724	ses-1				space-ACPC			DSIStudio	autotrackgqi
ProjectionBasalGanglia_AnsaSubthalamicaR	fa	TORTOISE_model-tensor	/scratch/executivefunction/SLURM_8364170_77/job-8364170-77-sub-20724-ses-1/ds/inputs/data/qsiprep/qsiprep/sub-20724/ses-1/dwi/sub-20724_ses-1_space-ACPC_desc-preproc_dwi.nii.gz	0.0	0.3389688640403533	0.1408023756444754	0.3212825930769904	0.3389688640403533	0.3212825930769904	0.1408023756444754	0.3467347148029348	0.3467347148029348	sub-20724	ses-1				space-ACPC			DSIStudio	autotrackgqi
ProjectionBasalGanglia_AnsaSubthalamicaR	li	TORTOISE_model-tensor	/scratch/executivefunction/SLURM_8364170_77/job-8364170-77-sub-20724-ses-1/ds/inputs/data/qsiprep/qsiprep/sub-20724/ses-1/dwi/sub-20724_ses-1_space-ACPC_desc-preproc_dwi.nii.gz	0.0	0.1961937695741653	0.0998522341251373	0.1784692257642746	0.1961937695741653	0.1784692257642746	0.0998522341251373	0.1986491680145263	0.1986491680145263	sub-20724	ses-1				space-ACPC			DSIStudio	autotrackgqi
ProjectionBasalGanglia_AnsaSubthalamicaR	rd	TORTOISE_model-tensor	/scratch/executivefunction/SLURM_8364170_77/job-8364170-77-sub-20724-ses-1/ds/inputs/data/qsiprep/qsiprep/sub-20724/ses-1/dwi/sub-20724_ses-1_space-ACPC_desc-preproc_dwi.nii.gz	0.0	513.4189305643883	185.695813535792	491.7902107624526	513.4189305643883	491.7902107624526	185.695813535792	517.4472737768641	517.4472737768641	sub-20724	ses-1				space-ACPC			DSIStudio	autotrackgqi
ProjectionBasalGanglia_FasciculusSubthalamicusR	ad	TORTOISE_model-tensor	/scratch/executivefunction/SLURM_8364170_77/job-8364170-77-sub-20724-ses-1/ds/inputs/data/qsiprep/qsiprep/sub-20724/ses-1/dwi/sub-20724_ses-1_space-ACPC_desc-preproc_dwi.nii.gz	0.0	792.520713598287	160.33805741248705	759.1835512992061	792.520713598287	759.1835512992061	160.33805741248705	744.0798098823343	744.0798098823343	sub-20724	ses-1				space-ACPC			DSIStudio	autotrackgqi
ProjectionBasalGanglia_FasciculusSubthalamicusR	am	TORTOISE_model-tensor	/scratch/executivefunction/SLURM_8364170_77/job-8364170-77-sub-20724-ses-1/ds/inputs/data/qsiprep/qsiprep/sub-20724/ses-1/dwi/sub-20724_ses-1_space-ACPC_desc-preproc_dwi.nii.gz	0.0	420.4446716308594	96.98230743408205	415.6103210449219	420.4446716308594	415.6103210449219	96.98230743408205	419.6705017089844	419.6705017089844	sub-20724	ses-1				space-ACPC			DSIStudio	autotrackgqi
ProjectionBasalGanglia_FasciculusSubthalamicusR	fa	TORTOISE_model-tensor	/scratch/executivefunction/SLURM_8364170_77/job-8364170-77-sub-20724-ses-1/ds/inputs/data/qsiprep/qsiprep/sub-20724/ses-1/dwi/sub-20724_ses-1_space-ACPC_desc-preproc_dwi.nii.gz	0.0	0.374922818906871	0.1703127563134714	0.3248447361482353	0.374922818906871	0.3248447361482353	0.1703127563134714	0.3461677824919245	0.3461677824919245	sub-20724	ses-1				space-ACPC			DSIStudio	autotrackgqi
ProjectionBasalGanglia_FasciculusSubthalamicusR	li	TORTOISE_model-tensor	/scratch/executivefunction/SLURM_8364170_77/job-8364170-77-sub-20724-ses-1/ds/inputs/data/qsiprep/qsiprep/sub-20724/ses-1/dwi/sub-20724_ses-1_space-ACPC_desc-preproc_dwi.nii.gz	0.0	0.2295350134372711	0.1383742392063141	0.1783332824707031	0.2295350134372711	0.1783332824707031	0.1383742392063141	0.2036411315202713	0.2036411315202713	sub-20724	ses-1				space-ACPC			DSIStudio	autotrackgqi
ProjectionBasalGanglia_FasciculusSubthalamicusR	rd	TORTOISE_model-tensor	/scratch/executivefunction/SLURM_8364170_77/job-8364170-77-sub-20724-ses-1/ds/inputs/data/qsiprep/qsiprep/sub-20724/ses-1/dwi/sub-20724_ses-1_space-ACPC_desc-preproc_dwi.nii.gz	0.0	443.31217810426347	144.47674445839755	449.932089417562	443.31217810426347	449.932089417562	144.47674445839755	446.6115642498741	446.6115642498741	sub-20724	ses-1				space-ACPC			DSIStudio	autotrackgqi
ProjectionBrainstem_NonDecussatingDentatorubrothalamicTractL	ad	TORTOISE_model-tensor	/scratch/executivefunction/SLURM_8364170_77/job-8364170-77-sub-20724-ses-1/ds/inputs/data/qsiprep/qsiprep/sub-20724/ses-1/dwi/sub-20724_ses-1_space-ACPC_desc-preproc_dwi.nii.gz	0.0	863.1551611930093	205.9157051016084	831.3379161604041	863.1551611930093	831.3379161604041	205.9157051016084	900.8147017686651	900.8147017686651	sub-20724	ses-1				space-ACPC			DSIStudio	autotrackgqi
ProjectionBrainstem_NonDecussatingDentatorubrothalamicTractL	am	TORTOISE_model-tensor	/scratch/executivefunction/SLURM_8364170_77/job-8364170-77-sub-20724-ses-1/ds/inputs/data/qsiprep/qsiprep/sub-20724/ses-1/dwi/sub-20724_ses-1_space-ACPC_desc-preproc_dwi.nii.gz	0.0	559.05322265625	140.12664794921875	526.1544189453125	559.05322265625	526.1544189453125	140.12664794921875	539.208984375	539.208984375	sub-20724	ses-1				space-ACPC			DSIStudio	autotrackgqi
ProjectionBrainstem_NonDecussatingDentatorubrothalamicTractL	fa	TORTOISE_model-tensor	/scratch/executivefunction/SLURM_8364170_77/job-8364170-77-sub-20724-ses-1/ds/inputs/data/qsiprep/qsiprep/sub-20724/ses-1/dwi/sub-20724_ses-1_space-ACPC_desc-preproc_dwi.nii.gz	0.0	0.4309354089378929	0.1942469444073353	0.4233362368093755	0.4309354089378929	0.4233362368093755	0.1942469444073353	0.5021677390494402	0.5021677390494402	sub-20724	ses-1				space-ACPC			DSIStudio	autotrackgqi
ProjectionBrainstem_NonDecussatingDentatorubrothalamicTractL	li	TORTOISE_model-tensor	/scratch/executivefunction/SLURM_8364170_77/job-8364170-77-sub-20724-ses-1/ds/inputs/data/qsiprep/qsiprep/sub-20724/ses-1/dwi/sub-20724_ses-1_space-ACPC_desc-preproc_dwi.nii.gz	0.0	0.2863707840442657	0.1660109460353851	0.2606087327003479	0.2863707840442657	0.2606087327003479	0.1660109460353851	0.3439638018608093	0.3439638018608093	sub-20724	ses-1				space-ACPC			DSIStudio	autotrackgqi
ProjectionBrainstem_NonDecussatingDentatorubrothalamicTractL	rd	TORTOISE_model-tensor	/scratch/executivefunction/SLURM_8364170_77/job-8364170-77-sub-20724-ses-1/ds/inputs/data/qsiprep/qsiprep/sub-20724/ses-1/dwi/sub-20724_ses-1_space-ACPC_desc-preproc_dwi.nii.gz	0.0	428.085909452403	185.8794856687296	391.67694295447694	428.085909452403	391.67694295447694	185.8794856687296	378.91480457818784	378.91480457818784	sub-20724	ses-1				space-ACPC			DSIStudio	autotrackgqi
ProjectionBasalGanglia_CorticostriatalTractL	ad	TORTOISE_model-tensor	/scratch/executivefunction/SLURM_8364170_77/job-8364170-77-sub-20724-ses-1/ds/inputs/data/qsiprep/qsiprep/sub-20724/ses-1/dwi/sub-20724_ses-1_space-ACPC_desc-preproc_dwi.nii.gz	0.0050307020788636	905.4560552760862	236.18866833148107	856.620811015328	910.034166047056	857.4059718457577	227.81770547804905	901.2800508163084	901.5064306649886	sub-20724	ses-1				space-ACPC			DSIStudio	autotrackgqi
ProjectionBasalGanglia_CorticostriatalTractL	am	TORTOISE_model-tensor	/scratch/executivefunction/SLURM_8364170_77/job-8364170-77-sub-20724-ses-1/ds/inputs/data/qsiprep/qsiprep/sub-20724/ses-1/dwi/sub-20724_ses-1_space-ACPC_desc-preproc_dwi.nii.gz	0.0050307020788636	700.6151733398438	345.9366149902344	593.1953125	704.1575317382812	594.5081787109375	343.19500732421875	568.2553100585938	568.3980712890625	sub-20724	ses-1				space-ACPC			DSIStudio	autotrackgqi
ProjectionBasalGanglia_CorticostriatalTractL	fa	TORTOISE_model-tensor	/scratch/executivefunction/SLURM_8364170_77/job-8364170-77-sub-20724-ses-1/ds/inputs/data/qsiprep/qsiprep/sub-20724/ses-1/dwi/sub-20724_ses-1_space-ACPC_desc-preproc_dwi.nii.gz	0.0050307020788636	0.3153110467167473	0.1958893554494167	0.2821695723039517	0.3169053028827626	0.284477922368228	0.1950933845789374	0.4282620475146683	0.4283696166136743	sub-20724	ses-1				space-ACPC			DSIStudio	autotrackgqi
ProjectionBasalGanglia_CorticostriatalTractL	li	TORTOISE_model-tensor	/scratch/executivefunction/SLURM_8364170_77/job-8364170-77-sub-20724-ses-1/ds/inputs/data/qsiprep/qsiprep/sub-20724/ses-1/dwi/sub-20724_ses-1_space-ACPC_desc-preproc_dwi.nii.gz	0.0050307020788636	0.1892826706171035	0.1473998427391052	0.1496365070343017	0.1902397125959396	0.1509666740894317	0.147154688835144	0.2759343981742859	0.2760037183761596	sub-20724	ses-1				space-ACPC			DSIStudio	autotrackgqi
ProjectionBasalGanglia_CorticostriatalTractL	rd	TORTOISE_model-tensor	/scratch/executivefunction/SLURM_8364170_77/job-8364170-77-sub-20724-ses-1/ds/inputs/data/qsiprep/qsiprep/sub-20724/ses-1/dwi/sub-20724_ses-1_space-ACPC_desc-preproc_dwi.nii.gz	0.0050307020788636	567.9382867954083	264.13336920675744	523.2665695805028	570.8098611505342	524.4516906881717	261.6869551614012	446.1415043255199	446.2535643361029	sub-20724	ses-1				space-ACPC			DSIStudio	autotrackgqi
ProjectionBrainstem_MedialForebrainBundleR	ad	TORTOISE_model-tensor	/scratch/executivefunction/SLURM_8364170_77/job-8364170-77-sub-20724-ses-1/ds/inputs/data/qsiprep/qsiprep/sub-20724/ses-1/dwi/sub-20724_ses-1_space-ACPC_desc-preproc_dwi.nii.gz	0.0043236565781346	907.8496499711748	265.179343029869	836.0884931061569	911.7919251261364	837.4303606824848	258.90328210155093	922.8563681142066	924.961969517235	sub-20724	ses-1				space-ACPC			DSIStudio	autotrackgqi
ProjectionBrainstem_MedialForebrainBundleR	am	TORTOISE_model-tensor	/scratch/executivefunction/SLURM_8364170_77/job-8364170-77-sub-20724-ses-1/ds/inputs/data/qsiprep/qsiprep/sub-20724/ses-1/dwi/sub-20724_ses-1_space-ACPC_desc-preproc_dwi.nii.gz	0.0	627.8715209960938	269.88946533203125	603.6950073242188	627.8715209960938	603.6950073242188	269.88946533203125	628.34765625	628.34765625	sub-20724	ses-1				space-ACPC			DSIStudio	autotrackgqi
ProjectionBrainstem_MedialForebrainBundleR	fa	TORTOISE_model-tensor	/scratch/executivefunction/SLURM_8364170_77/job-8364170-77-sub-20724-ses-1/ds/inputs/data/qsiprep/qsiprep/sub-20724/ses-1/dwi/sub-20724_ses-1_space-ACPC_desc-preproc_dwi.nii.gz	0.0043236565781346	0.3288052173911568	0.1501420507279189	0.3298279730227387	0.3302330316105973	0.330345201113546	0.1488926251849426	0.3796135409645846	0.3804796725627685	sub-20724	ses-1				space-ACPC			DSIStudio	autotrackgqi
ProjectionBrainstem_MedialForebrainBundleR	li	TORTOISE_model-tensor	/scratch/executivefunction/SLURM_8364170_77/job-8364170-77-sub-20724-ses-1/ds/inputs/data/qsiprep/qsiprep/sub-20724/ses-1/dwi/sub-20724_ses-1_space-ACPC_desc-preproc_dwi.nii.gz	0.0055589870290302	0.1933835744857788	0.1084954291582107	0.1867980659008026	0.1944646090269088	0.1870435774326324	0.1078278198838234	0.2297156453132629	0.2303190976381302	sub-20724	ses-1				space-ACPC			DSIStudio	autotrackgqi
ProjectionBrainstem_MedialForebrainBundleR	rd	TORTOISE_model-tensor	/scratch/executivefunction/SLURM_8364170_77/job-8364170-77-sub-20724-ses-1/ds/inputs/data/qsiprep/qsiprep/sub-20724/ses-1/dwi/sub-20724_ses-1_space-ACPC_desc-preproc_dwi.nii.gz	0.0043236565781346	558.4001586029677	262.7098821977861	468.0696326370973	560.8249731874719	468.303984582898	260.68426303566264	517.3494830453512	518.5298742858702	sub-20724	ses-1				space-ACPC			DSIStudio	autotrackgqi
ProjectionBasalGanglia_FornixR	ad	TORTOISE_model-tensor	/scratch/executivefunction/SLURM_8364170_77/job-8364170-77-sub-20724-ses-1/ds/inputs/data/qsiprep/qsiprep/sub-20724/ses-1/dwi/sub-20724_ses-1_space-ACPC_desc-preproc_dwi.nii.gz	0.0	1068.2669766936438	298.1261721272789	986.6326345614524	1068.2669766936438	986.6326345614524	298.1261721272789	1178.438219686575	1178.438219686575	sub-20724	ses-1				space-ACPC			DSIStudio	autotrackgqi
ProjectionBasalGanglia_FornixR	am	TORTOISE_model-tensor	/scratch/executivefunction/SLURM_8364170_77/job-8364170-77-sub-20724-ses-1/ds/inputs/data/qsiprep/qsiprep/sub-20724/ses-1/dwi/sub-20724_ses-1_space-ACPC_desc-preproc_dwi.nii.gz	0.0	627.3956909179688	221.08029174804688	588.9653930664062	627.3956909179688	588.9653930664062	221.08029174804688	615.1392822265625	615.1392822265625	sub-20724	ses-1				space-ACPC			DSIStudio	autotrackgqi
ProjectionBasalGanglia_FornixR	fa	TORTOISE_model-tensor	/scratch/executivefunction/SLURM_8364170_77/job-8364170-77-sub-20724-ses-1/ds/inputs/data/qsiprep/qsiprep/sub-20724/ses-1/dwi/sub-20724_ses-1_space-ACPC_desc-preproc_dwi.nii.gz	0.0	0.2941745642480158	0.1713748103167943	0.2596342929504521	0.2941745642480158	0.2596342929504521	0.1713748103167943	0.3565870486101363	0.3565870486101363	sub-20724	ses-1				space-ACPC			DSIStudio	autotrackgqi
ProjectionBasalGanglia_FornixR	li	TORTOISE_model-tensor	/scratch/executivefunction/SLURM_8364170_77/job-8364170-77-sub-20724-ses-1/ds/inputs/data/qsiprep/qsiprep/sub-20724/ses-1/dwi/sub-20724_ses-1_space-ACPC_desc-preproc_dwi.nii.gz	0.0	0.1770862638950348	0.1288947016000747	0.1463420242071151	0.1770862638950348	0.1463420242071151	0.1288947016000747	0.2216326892375946	0.2216326892375946	sub-20724	ses-1				space-ACPC			DSIStudio	autotrackgqi
ProjectionBasalGanglia_FornixR	rd	TORTOISE_model-tensor	/scratch/executivefunction/SLURM_8364170_77/job-8364170-77-sub-20724-ses-1/ds/inputs/data/qsiprep/qsiprep/sub-20724/ses-1/dwi/sub-20724_ses-1_space-ACPC_desc-preproc_dwi.nii.gz	0.0	674.6185458842543	252.01257711555223	634.8858336493834	674.6185458842543	634.8858336493834	252.01257711555223	656.342263001821	656.342263001821	sub-20724	ses-1				space-ACPC			DSIStudio	autotrackgqi
ProjectionBrainstem_MedialLemniscusR	ad	TORTOISE_model-tensor	/scratch/executivefunction/SLURM_8364170_77/job-8364170-77-sub-20724-ses-1/ds/inputs/data/qsiprep/qsiprep/sub-20724/ses-1/dwi/sub-20724_ses-1_space-ACPC_desc-preproc_dwi.nii.gz	0.0	906.236415684891	187.30380016774308	866.7341430272561	906.236415684891	866.7341430272561	187.30380016774308	920.4406088709056	920.4406088709056	sub-20724	ses-1				space-ACPC			DSIStudio	autotrackgqi
ProjectionBrainstem_MedialLemniscusR	am	TORTOISE_model-tensor	/scratch/executivefunction/SLURM_8364170_77/job-8364170-77-sub-20724-ses-1/ds/inputs/data/qsiprep/qsiprep/sub-20724/ses-1/dwi/sub-20724_ses-1_space-ACPC_desc-preproc_dwi.nii.gz	0.0	608.3472290039062	161.89453125	563.8716430664062	608.3472290039062	563.8716430664062	161.89453125	545.2091064453125	545.2091064453125	sub-20724	ses-1				space-ACPC			DSIStudio	autotrackgqi
ProjectionBrainstem_MedialLemniscusR	fa	TORTOISE_model-tensor	/scratch/executivefunction/SLURM_8364170_77/job-8364170-77-sub-20724-ses-1/ds/inputs/data/qsiprep/qsiprep/sub-20724/ses-1/dwi/sub-20724_ses-1_space-ACPC_desc-preproc_dwi.nii.gz	0.0	0.4008306455921709	0.1959771592374635	0.4078755376392412	0.4008306455921709	0.4078755376392412	0.1959771592374635	0.4988042099610166	0.4988042099610166	sub-20724	ses-1				space-ACPC			DSIStudio	autotrackgqi
ProjectionBrainstem_MedialLemniscusR	li	TORTOISE_model-tensor	/scratch/executivefunction/SLURM_8364170_77/job-8364170-77-sub-20724-ses-1/ds/inputs/data/qsiprep/qsiprep/sub-20724/ses-1/dwi/sub-20724_ses-1_space-ACPC_desc-preproc_dwi.nii.gz	0.0	0.2535157203674316	0.1611054688692093	0.2391937226057052	0.2535157203674316	0.2391937226057052	0.1611054688692093	0.3349959850311279	0.3349959850311279	sub-20724	ses-1				space-ACPC			DSIStudio	autotrackgqi
ProjectionBrainstem_MedialLemniscusR	rd	TORTOISE_model-tensor	/scratch/executivefunction/SLURM_8364170_77/job-8364170-77-sub-20724-ses-1/ds/inputs/data/qsiprep/qsiprep/sub-20724/ses-1/dwi/sub-20724_ses-1_space-ACPC_desc-preproc_dwi.nii.gz	0.0	479.4653256832875	195.196588456274	438.25063005442337	479.4653256832875	438.25063005442337	195.196588456274	391.89347737040896	391.89347737040896	sub-20724	ses-1				space-ACPC			DSIStudio	autotrackgqi
ProjectionBasalGanglia_AnsaLenticularisL	ad	TORTOISE_model-tensor	/scratch/executivefunction/SLURM_8364170_77/job-8364170-77-sub-20724-ses-1/ds/inputs/data/qsiprep/qsiprep/sub-20724/ses-1/dwi/sub-20724_ses-1_space-ACPC_desc-preproc_dwi.nii.gz	0.0	862.690694564909	203.2786006127781	813.3960893885207	862.690694564909	813.3960893885207	203.2786006127781	847.6713141105627	847.6713141105627	sub-20724	ses-1				space-ACPC			DSIStudio	autotrackgqi
ProjectionBasalGanglia_AnsaLenticularisL	am	TORTOISE_model-tensor	/scratch/executivefunction/SLURM_8364170_77/job-8364170-77-sub-20724-ses-1/ds/inputs/data/qsiprep/qsiprep/sub-20724/ses-1/dwi/sub-20724_ses-1_space-ACPC_desc-preproc_dwi.nii.gz	0.0	477.8896484375	140.22308349609375	446.61767578125	477.8896484375	446.61767578125	140.22308349609375	450.26611328125	450.26611328125	sub-20724	ses-1				space-ACPC			DSIStudio	autotrackgqi
ProjectionBasalGanglia_AnsaLenticularisL	fa	TORTOISE_model-tensor	/scratch/executivefunction/SLURM_8364170_77/job-8364170-77-sub-20724-ses-1/ds/inputs/data/qsiprep/qsiprep/sub-20724/ses-1/dwi/sub-20724_ses-1_space-ACPC_desc-preproc_dwi.nii.gz	0.0	0.2989721977329596	0.1161628272096201	0.2813922640567563	0.2989721977329596	0.2813922640567563	0.1161628272096201	0.322996306497752	0.322996306497752	sub-20724	ses-1				space-ACPC			DSIStudio	autotrackgqi
ProjectionBasalGanglia_AnsaLenticularisL	li	TORTOISE_model-tensor	/scratch/executivefunction/SLURM_8364170_77/job-8364170-77-sub-20724-ses-1/ds/inputs/data/qsiprep/qsiprep/sub-20724/ses-1/dwi/sub-20724_ses-1_space-ACPC_desc-preproc_dwi.nii.gz	0.0	0.1743227839469909	0.0814434066414833	0.1627130210399627	0.1743227839469909	0.1627130210399627	0.0814434066414833	0.1843155622482299	0.1843155622482299	sub-20724	ses-1				space-ACPC			DSIStudio	autotrackgqi
ProjectionBasalGanglia_AnsaLenticularisL	rd	TORTOISE_model-tensor	/scratch/executivefunction/SLURM_8364170_77/job-8364170-77-sub-20724-ses-1/ds/inputs/data/qsiprep/qsiprep/sub-20724/ses-1/dwi/sub-20724_ses-1_space-ACPC_desc-preproc_dwi.nii.gz	0.0	552.2705418598998	173.5379768306367	523.319297228209	552.2705418598998	523.319297228209	173.5379768306367	516.5856792520458	516.5856792520458	sub-20724	ses-1				space-ACPC			DSIStudio	autotrackgqi
ProjectionBrainstem_CorticopontineTractL	ad	TORTOISE_model-tensor	/scratch/executivefunction/SLURM_8364170_77/job-8364170-77-sub-20724-ses-1/ds/inputs/data/qsiprep/qsiprep/sub-20724/ses-1/dwi/sub-20724_ses-1_space-ACPC_desc-preproc_dwi.nii.gz	0.0023041474654377	909.6741617213688	213.94552648699903	867.5029113602684	911.7750258361988	867.9673100025168	209.6732779058084	957.35851718049	957.79045148611	sub-20724	ses-1				space-ACPC			DSIStudio	autotrackgqi
ProjectionBrainstem_CorticopontineTractL	am	TORTOISE_model-tensor	/scratch/executivefunction/SLURM_8364170_77/job-8364170-77-sub-20724-ses-1/ds/inputs/data/qsiprep/qsiprep/sub-20724/ses-1/dwi/sub-20724_ses-1_space-ACPC_desc-preproc_dwi.nii.gz	0.0023041474654377	609.0911254882812	213.1599578857422	538.2300415039062	610.497802734375	538.6104125976562	211.38430786132807	536.4252319335938	536.667236328125	sub-20724	ses-1				space-ACPC			DSIStudio	autotrackgqi
ProjectionBrainstem_CorticopontineTractL	fa	TORTOISE_model-tensor	/scratch/executivefunction/SLURM_8364170_77/job-8364170-77-sub-20724-ses-1/ds/inputs/data/qsiprep/qsiprep/sub-20724/ses-1/dwi/sub-20724_ses-1_space-ACPC_desc-preproc_dwi.nii.gz	0.0023041474654377	0.400162653195251	0.2121138724484934	0.4092570010286783	0.4010868163666026	0.4100605974753863	0.2114841212081183	0.4974461009333863	0.4976705351291202	sub-20724	ses-1				space-ACPC			DSIStudio	autotrackgqi
ProjectionBrainstem_CorticopontineTractL	li	TORTOISE_model-tensor	/scratch/executivefunction/SLURM_8364170_77/job-8364170-77-sub-20724-ses-1/ds/inputs/data/qsiprep/qsiprep/sub-20724/ses-1/dwi/sub-20724_ses-1_space-ACPC_desc-preproc_dwi.nii.gz	0.0023041474654377	0.2567632794380188	0.1719865500926971	0.243652731180191	0.2573562860488891	0.2441709190607071	0.17174132168293	0.3334790170192718	0.3336294293403625	sub-20724	ses-1				space-ACPC			DSIStudio	autotrackgqi
ProjectionBrainstem_CorticopontineTractL	rd	TORTOISE_model-tensor	/scratch/executivefunction/SLURM_8364170_77/job-8364170-77-sub-20724-ses-1/ds/inputs/data/qsiprep/qsiprep/sub-20724/ses-1/dwi/sub-20724_ses-1_space-ACPC_desc-preproc_dwi.nii.gz	0.0023041474654377	487.95462779234674	239.91674245067043	424.923583292742	489.0815437918672	425.33031103206207	239.0435579905785	415.7527157719389	415.9402922201806	sub-20724	ses-1				space-ACPC			DSIStudio	autotrackgqi
ProjectionBrainstem_CorticospinalTractR	ad	TORTOISE_model-tensor	/scratch/executivefunction/SLURM_8364170_77/job-8364170-77-sub-20724-ses-1/ds/inputs/data/qsiprep/qsiprep/sub-20724/ses-1/dwi/sub-20724_ses-1_space-ACPC_desc-preproc_dwi.nii.gz	0.0	905.8586097167544	190.13143852374824	872.6120817858449	905.8586097167544	872.6120817858449	190.13143852374824	917.2782966350592	917.2782966350592	sub-20724	ses-1				space-ACPC			DSIStudio	autotrackgqi
ProjectionBrainstem_CorticospinalTractR	am	TORTOISE_model-tensor	/scratch/executivefunction/SLURM_8364170_77/job-8364170-77-sub-20724-ses-1/ds/inputs/data/qsiprep/qsiprep/sub-20724/ses-1/dwi/sub-20724_ses-1_space-ACPC_desc-preproc_dwi.nii.gz	0.0	595.5592651367188	189.31954956054688	535.0010986328125	595.5592651367188	535.0010986328125	189.31954956054688	546.6910400390625	546.6910400390625	sub-20724	ses-1				space-ACPC			DSIStudio	autotrackgqi
ProjectionBrainstem_CorticospinalTractR	fa	TORTOISE_model-tensor	/scratch/executivefunction/SLURM_8364170_77/job-8364170-77-sub-20724-ses-1/ds/inputs/data/qsiprep/qsiprep/sub-20724/ses-1/dwi/sub-20724_ses-1_space-ACPC_desc-preproc_dwi.nii.gz	0.0	0.4382679550903835	0.2136313397892327	0.450844274183952	0.4382679550903835	0.450844274183952	0.2136313397892327	0.5675030729811217	0.5675030729811217	sub-20724	ses-1				space-ACPC			DSIStudio	autotrackgqi
ProjectionBrainstem_CorticospinalTractR	li	TORTOISE_model-tensor	/scratch/executivefunction/SLURM_8364170_77/job-8364170-77-sub-20724-ses-1/ds/inputs/data/qsiprep/qsiprep/sub-20724/ses-1/dwi/sub-20724_ses-1_space-ACPC_desc-preproc_dwi.nii.gz	0.0	0.2917373776435852	0.1815516352653503	0.2876480221748352	0.2917373776435852	0.2876480221748352	0.1815516352653503	0.4113619029521942	0.4113619029521942	sub-20724	ses-1				space-ACPC			DSIStudio	autotrackgqi
ProjectionBrainstem_CorticospinalTractR	rd	TORTOISE_model-tensor	/scratch/executivefunction/SLURM_8364170_77/job-8364170-77-sub-20724-ses-1/ds/inputs/data/qsiprep/qsiprep/sub-20724/ses-1/dwi/sub-20724_ses-1_space-ACPC_desc-preproc_dwi.nii.gz	0.0	451.30190171577567	218.22479516166817	385.59319020907134	451.30190171577567	385.59319020907134	218.22479516166817	335.8722923151578	335.8722923151578	sub-20724	ses-1				space-ACPC			DSIStudio	autotrackgqi
ProjectionBrainstem_MedialLemniscusL	ad	TORTOISE_model-tensor	/scratch/executivefunction/SLURM_8364170_77/job-8364170-77-sub-20724-ses-1/ds/inputs/data/qsiprep/qsiprep/sub-20724/ses-1/dwi/sub-20724_ses-1_space-ACPC_desc-preproc_dwi.nii.gz	0.0	917.070551463654	185.9110381485139	886.0861910588503	917.070551463654	886.0861910588503	185.9110381485139	960.7287086059724	960.7287086059724	sub-20724	ses-1				space-ACPC			DSIStudio	autotrackgqi
ProjectionBrainstem_MedialLemniscusL	am	TORTOISE_model-tensor	/scratch/executivefunction/SLURM_8364170_77/job-8364170-77-sub-20724-ses-1/ds/inputs/data/qsiprep/qsiprep/sub-20724/ses-1/dwi/sub-20724_ses-1_space-ACPC_desc-preproc_dwi.nii.gz	0.0	622.123779296875	192.37374877929688	557.262451171875	622.123779296875	557.262451171875	192.37374877929688	582.9383544921875	582.9383544921875	sub-20724	ses-1				space-ACPC			DSIStudio	autotrackgqi
ProjectionBrainstem_MedialLemniscusL	fa	TORTOISE_model-tensor	/scratch/executivefunction/SLURM_8364170_77/job-8364170-77-sub-20724-ses-1/ds/inputs/data/qsiprep/qsiprep/sub-20724/ses-1/dwi/sub-20724_ses-1_space-ACPC_desc-preproc_dwi.nii.gz	0.0	0.407837537710316	0.1983604681060463	0.4170001253043369	0.407837537710316	0.4170001253043369	0.1983604681060463	0.4767495604904732	0.4767495604904732	sub-20724	ses-1				space-ACPC			DSIStudio	autotrackgqi
ProjectionBrainstem_MedialLemniscusL	li	TORTOISE_model-tensor	/scratch/executivefunction/SLURM_8364170_77/job-8364170-77-sub-20724-ses-1/ds/inputs/data/qsiprep/qsiprep/sub-20724/ses-1/dwi/sub-20724_ses-1_space-ACPC_desc-preproc_dwi.nii.gz	0.0	0.2641679048538208	0.167109414935112	0.250203788280487	0.2641679048538208	0.250203788280487	0.167109414935112	0.3188468813896179	0.3188468813896179	sub-20724	ses-1				space-ACPC			DSIStudio	autotrackgqi
ProjectionBrainstem_MedialLemniscusL	rd	TORTOISE_model-tensor	/scratch/executivefunction/SLURM_8364170_77/job-8364170-77-sub-20724-ses-1/ds/inputs/data/qsiprep/qsiprep/sub-20724/ses-1/dwi/sub-20724_ses-1_space-ACPC_desc-preproc_dwi.nii.gz	0.0	482.44053969965216	204.40117887152104	436.8706567247981	482.44053969965216	436.8706567247981	204.40117887152104	438.2494734895299	438.2494734895299	sub-20724	ses-1				space-ACPC			DSIStudio	autotrackgqi
Commissure_CorpusCallosum	ad	TORTOISE_model-tensor	/scratch/executivefunction/SLURM_8364170_77/job-8364170-77-sub-20724-ses-1/ds/inputs/data/qsiprep/qsiprep/sub-20724/ses-1/dwi/sub-20724_ses-1_space-ACPC_desc-preproc_dwi.nii.gz	0.0008585592821336	997.224520454006	307.39657040811915	892.8128109742381	998.0814325322316	892.9928486083884	306.1349060786423	1080.7292501893637	1080.7980516987302	sub-20724	ses-1				space-ACPC			DSIStudio	autotrackgqi
Commissure_CorpusCallosum	am	TORTOISE_model-tensor	/scratch/executivefunction/SLURM_8364170_77/job-8364170-77-sub-20724-ses-1/ds/inputs/data/qsiprep/qsiprep/sub-20724/ses-1/dwi/sub-20724_ses-1_space-ACPC_desc-preproc_dwi.nii.gz	0.0008585592821336	657.5494384765625	273.6595153808594	585.6396484375	658.114501953125	585.8848266601562	273.0971069335937	558.970947265625	559.0065307617188	sub-20724	ses-1				space-ACPC			DSIStudio	autotrackgqi
Commissure_CorpusCallosum	fa	TORTOISE_model-tensor	/scratch/executivefunction/SLURM_8364170_77/job-8364170-77-sub-20724-ses-1/ds/inputs/data/qsiprep/qsiprep/sub-20724/ses-1/dwi/sub-20724_ses-1_space-ACPC_desc-preproc_dwi.nii.gz	0.0008585592821336	0.3534461820563315	0.2241522747986302	0.3133801756720423	0.3537498973142245	0.3136160556471006	0.2240088788078957	0.5204448948296758	0.520478027450762	sub-20724	ses-1				space-ACPC			DSIStudio	autotrackgqi
Commissure_CorpusCallosum	li	TORTOISE_model-tensor	/scratch/executivefunction/SLURM_8364170_77/job-8364170-77-sub-20724-ses-1/ds/inputs/data/qsiprep/qsiprep/sub-20724/ses-1/dwi/sub-20724_ses-1_space-ACPC_desc-preproc_dwi.nii.gz	0.0008585592821336	0.2243853956460952	0.1923044174909591	0.1656960397958755	0.2245782017707824	0.1659432649612426	0.1922744363546371	0.3725970983505249	0.3726208209991455	sub-20724	ses-1				space-ACPC			DSIStudio	autotrackgqi
Commissure_CorpusCallosum	rd	TORTOISE_model-tensor	/scratch/executivefunction/SLURM_8364170_77/job-8364170-77-sub-20724-ses-1/ds/inputs/data/qsiprep/qsiprep/sub-20724/ses-1/dwi/sub-20724_ses-1_space-ACPC_desc-preproc_dwi.nii.gz	0.0008585592821336	578.9917136304372	303.3232394412233	528.1355306179473	579.4892394959029	528.3712463410944	302.9781119374272	433.1539576126645	433.1815331199781	sub-20724	ses-1				space-ACPC			DSIStudio	autotrackgqi
Commissure_AnteriorCommissure	ad	TORTOISE_model-tensor	/scratch/executivefunction/SLURM_8364170_77/job-8364170-77-sub-20724-ses-1/ds/inputs/data/qsiprep/qsiprep/sub-20724/ses-1/dwi/sub-20724_ses-1_space-ACPC_desc-preproc_dwi.nii.gz	0.0	836.8092460081921	167.42889843745533	798.862911359434	836.8092460081921	798.862911359434	167.42889843745533	830.9544774344533	830.9544774344533	sub-20724	ses-1				space-ACPC			DSIStudio	autotrackgqi
Commissure_AnteriorCommissure	am	TORTOISE_model-tensor	/scratch/executivefunction/SLURM_8364170_77/job-8364170-77-sub-20724-ses-1/ds/inputs/data/qsiprep/qsiprep/sub-20724/ses-1/dwi/sub-20724_ses-1_space-ACPC_desc-preproc_dwi.nii.gz	0.0	395.4405517578125	130.73480224609375	404.1740112304688	395.4405517578125	404.1740112304688	130.73480224609375	389.3022155761719	389.3022155761719	sub-20724	ses-1				space-ACPC			DSIStudio	autotrackgqi
Commissure_AnteriorCommissure	fa	TORTOISE_model-tensor	/scratch/executivefunction/SLURM_8364170_77/job-8364170-77-sub-20724-ses-1/ds/inputs/data/qsiprep/qsiprep/sub-20724/ses-1/dwi/sub-20724_ses-1_space-ACPC_desc-preproc_dwi.nii.gz	0.0	0.3225019729681511	0.1329951335911705	0.2964628606809342	0.3225019729681511	0.2964628606809342	0.1329951335911705	0.3228241398767101	0.3228241398767101	sub-20724	ses-1				space-ACPC			DSIStudio	autotrackgqi
Commissure_AnteriorCommissure	li	TORTOISE_model-tensor	/scratch/executivefunction/SLURM_8364170_77/job-8364170-77-sub-20724-ses-1/ds/inputs/data/qsiprep/qsiprep/sub-20724/ses-1/dwi/sub-20724_ses-1_space-ACPC_desc-preproc_dwi.nii.gz	0.0	0.1958222240209579	0.0923645570874214	0.17241071164608	0.1958222240209579	0.17241071164608	0.0923645570874214	0.1959815323352813	0.1959815323352813	sub-20724	ses-1				space-ACPC			DSIStudio	autotrackgqi
Commissure_AnteriorCommissure	rd	TORTOISE_model-tensor	/scratch/executivefunction/SLURM_8364170_77/job-8364170-77-sub-20724-ses-1/ds/inputs/data/qsiprep/qsiprep/sub-20724/ses-1/dwi/sub-20724_ses-1_space-ACPC_desc-preproc_dwi.nii.gz	0.0	509.469306615693	160.13126200324584	488.63204653992864	509.469306615693	488.63204653992864	160.13126200324584	506.30316605021625	506.30316605021625	sub-20724	ses-1				space-ACPC			DSIStudio	autotrackgqi
Cerebellum_InferiorCerebellarPeduncleR	ad	TORTOISE_model-tensor	/scratch/executivefunction/SLURM_8364170_77/job-8364170-77-sub-20724-ses-1/ds/inputs/data/qsiprep/qsiprep/sub-20724/ses-1/dwi/sub-20724_ses-1_space-ACPC_desc-preproc_dwi.nii.gz	0.0032051282051282	770.5451714352068	257.48409905409994	684.6651784887249	773.022808642394	685.0047462582716	254.15736904303063	802.2940846845579	803.0441806574293	sub-20724	ses-1				space-ACPC			DSIStudio	autotrackgqi
Cerebellum_InferiorCerebellarPeduncleR	am	TORTOISE_model-tensor	/scratch/executivefunction/SLURM_8364170_77/job-8364170-77-sub-20724-ses-1/ds/inputs/data/qsiprep/qsiprep/sub-20724/ses-1/dwi/sub-20724_ses-1_space-ACPC_desc-preproc_dwi.nii.gz	0.0	724.4382934570312	232.6760406494141	678.56640625	724.4382934570312	678.56640625	232.6760406494141	706.8822021484375	706.8822021484375	sub-20724	ses-1				space-ACPC			DSIStudio	autotrackgqi
Cerebellum_InferiorCerebellarPeduncleR	fa	TORTOISE_model-tensor	/scratch/executivefunction/SLURM_8364170_77/job-8364170-77-sub-20724-ses-1/ds/inputs/data/qsiprep/qsiprep/sub-20724/ses-1/dwi/sub-20724_ses-1_space-ACPC_desc-preproc_dwi.nii.gz	0.0032051282051282	0.2732794378491889	0.1547418224085512	0.2195889811073332	0.2741581498679966	0.2198518561600261	0.1542112810780182	0.3295851745837855	0.3298933168813034	sub-20724	ses-1				space-ACPC			DSIStudio	autotrackgqi
Cerebellum_InferiorCerebellarPeduncleR	li	TORTOISE_model-tensor	/scratch/executivefunction/SLURM_8364170_77/job-8364170-77-sub-20724-ses-1/ds/inputs/data/qsiprep/qsiprep/sub-20724/ses-1/dwi/sub-20724_ses-1_space-ACPC_desc-preproc_dwi.nii.gz	0.0044871794871794	0.1544010490179062	0.1072698235511779	0.1180440634489059	0.1550969928503036	0.1183968633413314	0.1070081442594528	0.1861592531204223	0.1864980310201645	sub-20724	ses-1				space-ACPC			DSIStudio	autotrackgqi
Cerebellum_InferiorCerebellarPeduncleR	rd	TORTOISE_model-tensor	/scratch/executivefunction/SLURM_8364170_77/job-8364170-77-sub-20724-ses-1/ds/inputs/data/qsiprep/qsiprep/sub-20724/ses-1/dwi/sub-20724_ses-1_space-ACPC_desc-preproc_dwi.nii.gz	0.0032051282051282	505.4737080851468	205.44232352929797	461.130796840945	507.09902547448814	461.3350523006024	203.75981892129943	476.2786598248795	476.7239509572184	sub-20724	ses-1				space-ACPC			DSIStudio	autotrackgqi
Cerebellum_CerebellumR	ad	TORTOISE_model-tensor	/scratch/executivefunction/SLURM_8364170_77/job-8364170-77-sub-20724-ses-1/ds/inputs/data/qsiprep/qsiprep/sub-20724/ses-1/dwi/sub-20724_ses-1_space-ACPC_desc-preproc_dwi.nii.gz	0.002392071989976	706.536257240614	156.0266755103434	675.401380081205	708.2303953317366	675.5703578377813	152.32483838005996	707.8886736257118	708.7346484449512	sub-20724	ses-1				space-ACPC			DSIStudio	autotrackgqi
Cerebellum_CerebellumR	am	TORTOISE_model-tensor	/scratch/executivefunction/SLURM_8364170_77/job-8364170-77-sub-20724-ses-1/ds/inputs/data/qsiprep/qsiprep/sub-20724/ses-1/dwi/sub-20724_ses-1_space-ACPC_desc-preproc_dwi.nii.gz	0.002392071989976	757.9808349609375	254.86929321289065	733.5968017578125	759.79833984375	733.9265747070312	252.45433044433597	777.938232421875	778.8678588867188	sub-20724	ses-1				space-ACPC			DSIStudio	autotrackgqi
Cerebellum_CerebellumR	fa	TORTOISE_model-tensor	/scratch/executivefunction/SLURM_8364170_77/job-8364170-77-sub-20724-ses-1/ds/inputs/data/qsiprep/qsiprep/sub-20724/ses-1/dwi/sub-20724_ses-1_space-ACPC_desc-preproc_dwi.nii.gz	0.002392071989976	0.2112610226610849	0.10447064625418	0.1906364463009817	0.2117675859718731	0.1908356794128481	0.104081757242635	0.2206453570405564	0.2209090432043063	sub-20724	ses-1				space-ACPC			DSIStudio	autotrackgqi
Cerebellum_CerebellumR	li	TORTOISE_model-tensor	/scratch/executivefunction/SLURM_8364170_77/job-8364170-77-sub-20724-ses-1/ds/inputs/data/qsiprep/qsiprep/sub-20724/ses-1/dwi/sub-20724_ses-1_space-ACPC_desc-preproc_dwi.nii.gz	0.0026198883699738	0.1197628229856491	0.0792856365442276	0.1055066287517547	0.1200774163007736	0.1056126654148101	0.0791514292359352	0.1281033009290695	0.1282585561275482	sub-20724	ses-1				space-ACPC			DSIStudio	autotrackgqi
Cerebellum_CerebellumR	rd	TORTOISE_model-tensor	/scratch/executivefunction/SLURM_8364170_77/job-8364170-77-sub-20724-ses-1/ds/inputs/data/qsiprep/qsiprep/sub-20724/ses-1/dwi/sub-20724_ses-1_space-ACPC_desc-preproc_dwi.nii.gz	0.002392071989976	507.71630340351663	132.52785453756684	483.3336947562413	508.9337094747057	483.5022247797791	130.33099191484712	499.5926269608061	500.189673884336	sub-20724	ses-1				space-ACPC			DSIStudio	autotrackgqi
Cerebellum_CerebellumL	ad	TORTOISE_model-tensor	/scratch/executivefunction/SLURM_8364170_77/job-8364170-77-sub-20724-ses-1/ds/inputs/data/qsiprep/qsiprep/sub-20724/ses-1/dwi/sub-20724_ses-1_space-ACPC_desc-preproc_dwi.nii.gz	0.0149988550492328	688.7373764754464	163.35157606130846	664.5313138652823	699.2249501495464	666.109425199897	140.55918349265923	706.5127822877863	709.1797908508075	sub-20724	ses-1				space-ACPC			DSIStudio	autotrackgqi
Cerebellum_CerebellumL	am	TORTOISE_model-tensor	/scratch/executivefunction/SLURM_8364170_77/job-8364170-77-sub-20724-ses-1/ds/inputs/data/qsiprep/qsiprep/sub-20724/ses-1/dwi/sub-20724_ses-1_space-ACPC_desc-preproc_dwi.nii.gz	0.0149988550492328	772.4248657226562	251.3463134765625	761.9329833984375	784.186767578125	764.8709716796875	234.3361358642578	822.5272827148438	825.6322631835938	sub-20724	ses-1				space-ACPC			DSIStudio	autotrackgqi
Cerebellum_CerebellumL	fa	TORTOISE_model-tensor	/scratch/executivefunction/SLURM_8364170_77/job-8364170-77-sub-20724-ses-1/ds/inputs/data/qsiprep/qsiprep/sub-20724/ses-1/dwi/sub-20724_ses-1_space-ACPC_desc-preproc_dwi.nii.gz	0.0149988550492328	0.2002098219711456	0.1036853363213307	0.1803503056985292	0.2032584662438668	0.1811944992639859	0.1014627468034153	0.201260420594096	0.202020156629277	sub-20724	ses-1				space-ACPC			DSIStudio	autotrackgqi
Cerebellum_CerebellumL	li	TORTOISE_model-tensor	/scratch/executivefunction/SLURM_8364170_77/job-8364170-77-sub-20724-ses-1/ds/inputs/data/qsiprep/qsiprep/sub-20724/ses-1/dwi/sub-20724_ses-1_space-ACPC_desc-preproc_dwi.nii.gz	0.016487291046485	0.1143626794219017	0.0775208845734596	0.0994998216629028	0.1162798181176185	0.0999995991587638	0.076728768646717	0.115434318780899	0.1159039288759231	sub-20724	ses-1				space-ACPC			DSIStudio	autotrackgqi
Cerebellum_CerebellumL	rd	TORTOISE_model-tensor	/scratch/executivefunction/SLURM_8364170_77/job-8364170-77-sub-20724-ses-1/ds/inputs/data/qsiprep/qsiprep/sub-20724/ses-1/dwi/sub-20724_ses-1_space-ACPC_desc-preproc_dwi.nii.gz	0.0149988550492328	500.1184599244583	127.39709699203964	485.4089434914826	507.7338868976192	486.5407190073102	112.29669853375582	510.83072834612005	512.7590586083013	sub-20724	ses-1				space-ACPC			DSIStudio	autotrackgqi
Cerebellum_MiddleCerebellarPeduncle	ad	TORTOISE_model-tensor	/scratch/executivefunction/SLURM_8364170_77/job-8364170-77-sub-20724-ses-1/ds/inputs/data/qsiprep/qsiprep/sub-20724/ses-1/dwi/sub-20724_ses-1_space-ACPC_desc-preproc_dwi.nii.gz	0.0022531584453206	759.5544377539118	227.42895957335983	685.2390737254295	761.2696990053925	685.5386404578362	224.7998234663007	848.3824248429825	848.7536007349838	sub-20724	ses-1				space-ACPC			DSIStudio	autotrackgqi
Cerebellum_MiddleCerebellarPeduncle	am	TORTOISE_model-tensor	/scratch/executivefunction/SLURM_8364170_77/job-8364170-77-sub-20724-ses-1/ds/inputs/data/qsiprep/qsiprep/sub-20724/ses-1/dwi/sub-20724_ses-1_space-ACPC_desc-preproc_dwi.nii.gz	0.0022531584453206	732.0359497070312	245.4359436035156	698.75341796875	733.6890869140625	699.502197265625	243.2323303222656	668.9483642578125	669.2410888671875	sub-20724	ses-1				space-ACPC			DSIStudio	autotrackgqi
Cerebellum_MiddleCerebellarPeduncle	fa	TORTOISE_model-tensor	/scratch/executivefunction/SLURM_8364170_77/job-8364170-77-sub-20724-ses-1/ds/inputs/data/qsiprep/qsiprep/sub-20724/ses-1/dwi/sub-20724_ses-1_space-ACPC_desc-preproc_dwi.nii.gz	0.0022531584453206	0.3062506623853486	0.1785925541773349	0.2292764874651852	0.3069422519124709	0.2296065609947288	0.1781994663725951	0.4271993979507493	0.42738630214428	sub-20724	ses-1				space-ACPC			DSIStudio	autotrackgqi
Cerebellum_MiddleCerebellarPeduncle	li	TORTOISE_model-tensor	/scratch/executivefunction/SLURM_8364170_77/job-8364170-77-sub-20724-ses-1/ds/inputs/data/qsiprep/qsiprep/sub-20724/ses-1/dwi/sub-20724_ses-1_space-ACPC_desc-preproc_dwi.nii.gz	0.0024140983342721	0.1906735748052597	0.1434453278779983	0.1294716000556945	0.1911349892616272	0.1297580748796463	0.1433114111423492	0.2879896461963653	0.2881240546703338	sub-20724	ses-1				space-ACPC			DSIStudio	autotrackgqi
Cerebellum_MiddleCerebellarPeduncle	rd	TORTOISE_model-tensor	/scratch/executivefunction/SLURM_8364170_77/job-8364170-77-sub-20724-ses-1/ds/inputs/data/qsiprep/qsiprep/sub-20724/ses-1/dwi/sub-20724_ses-1_space-ACPC_desc-preproc_dwi.nii.gz	0.0022531584453206	469.50916597109136	180.00911650747346	452.59835726257495	470.56943346421104	452.85652565129766	178.82261365601812	421.771759373093	421.95628873823887	sub-20724	ses-1				space-ACPC			DSIStudio	autotrackgqi
Cerebellum_SuperiorCerebellarPeduncle	ad	TORTOISE_model-tensor	/scratch/executivefunction/SLURM_8364170_77/job-8364170-77-sub-20724-ses-1/ds/inputs/data/qsiprep/qsiprep/sub-20724/ses-1/dwi/sub-20724_ses-1_space-ACPC_desc-preproc_dwi.nii.gz	0.0	860.6415425511174	291.1290148307399	757.0087629820633	860.6415425511174	757.0087629820633	291.1290148307399	1020.6281965369932	1020.6281965369932	sub-20724	ses-1				space-ACPC			DSIStudio	autotrackgqi
Cerebellum_SuperiorCerebellarPeduncle	am	TORTOISE_model-tensor	/scratch/executivefunction/SLURM_8364170_77/job-8364170-77-sub-20724-ses-1/ds/inputs/data/qsiprep/qsiprep/sub-20724/ses-1/dwi/sub-20724_ses-1_space-ACPC_desc-preproc_dwi.nii.gz	0.0	636.5254516601562	236.1584014892578	586.333740234375	636.5254516601562	586.333740234375	236.1584014892578	689.9150390625	689.9150390625	sub-20724	ses-1				space-ACPC			DSIStudio	autotrackgqi
Cerebellum_SuperiorCerebellarPeduncle	fa	TORTOISE_model-tensor	/scratch/executivefunction/SLURM_8364170_77/job-8364170-77-sub-20724-ses-1/ds/inputs/data/qsiprep/qsiprep/sub-20724/ses-1/dwi/sub-20724_ses-1_space-ACPC_desc-preproc_dwi.nii.gz	0.0	0.3220626412118803	0.1559432905532326	0.3035371023754363	0.3220626412118803	0.3035371023754363	0.1559432905532326	0.3983625630157982	0.3983625630157982	sub-20724	ses-1				space-ACPC			DSIStudio	autotrackgqi
Cerebellum_SuperiorCerebellarPeduncle	li	TORTOISE_model-tensor	/scratch/executivefunction/SLURM_8364170_77/job-8364170-77-sub-20724-ses-1/ds/inputs/data/qsiprep/qsiprep/sub-20724/ses-1/dwi/sub-20724_ses-1_space-ACPC_desc-preproc_dwi.nii.gz	0.0	0.1852439790964126	0.1116089597344398	0.1654265820980072	0.1852439790964126	0.1654265820980072	0.1116089597344398	0.2378831803798675	0.2378831803798675	sub-20724	ses-1				space-ACPC			DSIStudio	autotrackgqi
Cerebellum_SuperiorCerebellarPeduncle	rd	TORTOISE_model-tensor	/scratch/executivefunction/SLURM_8364170_77/job-8364170-77-sub-20724-ses-1/ds/inputs/data/qsiprep/qsiprep/sub-20724/ses-1/dwi/sub-20724_ses-1_space-ACPC_desc-preproc_dwi.nii.gz	0.0	527.6256819277894	239.40466705571947	459.8606438355624	527.6256819277894	459.8606438355624	239.40466705571947	534.4261218515774	534.4261218515774	sub-20724	ses-1				space-ACPC			DSIStudio	autotrackgqi
Cerebellum_InferiorCerebellarPeduncleL	ad	TORTOISE_model-tensor	/scratch/executivefunction/SLURM_8364170_77/job-8364170-77-sub-20724-ses-1/ds/inputs/data/qsiprep/qsiprep/sub-20724/ses-1/dwi/sub-20724_ses-1_space-ACPC_desc-preproc_dwi.nii.gz	0.0026207412953949	761.1916703342714	242.83908622203367	682.8587616690415	763.1917985971617	683.100589974321	239.9985284774681	795.0205593499891	796.078172006451	sub-20724	ses-1				space-ACPC			DSIStudio	autotrackgqi
Cerebellum_InferiorCerebellarPeduncleL	am	TORTOISE_model-tensor	/scratch/executivefunction/SLURM_8364170_77/job-8364170-77-sub-20724-ses-1/ds/inputs/data/qsiprep/qsiprep/sub-20724/ses-1/dwi/sub-20724_ses-1_space-ACPC_desc-preproc_dwi.nii.gz	0.0	729.2091064453125	215.2775115966797	686.0713500976562	729.2091064453125	686.0713500976562	215.2775115966797	725.459228515625	725.459228515625	sub-20724	ses-1				space-ACPC			DSIStudio	autotrackgqi
Cerebellum_InferiorCerebellarPeduncleL	fa	TORTOISE_model-tensor	/scratch/executivefunction/SLURM_8364170_77/job-8364170-77-sub-20724-ses-1/ds/inputs/data/qsiprep/qsiprep/sub-20724/ses-1/dwi/sub-20724_ses-1_space-ACPC_desc-preproc_dwi.nii.gz	0.0026207412953949	0.2722566951663637	0.1506395544197693	0.2167261692852259	0.2729720843803894	0.2171170415342753	0.1501886178129002	0.3271902258426513	0.3276254855965813	sub-20724	ses-1				space-ACPC			DSIStudio	autotrackgqi
Cerebellum_InferiorCerebellarPeduncleL	li	TORTOISE_model-tensor	/scratch/executivefunction/SLURM_8364170_77/job-8364170-77-sub-20724-ses-1/ds/inputs/data/qsiprep/qsiprep/sub-20724/ses-1/dwi/sub-20724_ses-1_space-ACPC_desc-preproc_dwi.nii.gz	0.0037439161362785	0.1567654013633728	0.107444904744625	0.1166701167821884	0.1573545336723327	0.1169019937515258	0.1072151586413383	0.1982989311218261	0.1988387107849121	sub-20724	ses-1				space-ACPC			DSIStudio	autotrackgqi
Cerebellum_InferiorCerebellarPeduncleL	rd	TORTOISE_model-tensor	/scratch/executivefunction/SLURM_8364170_77/job-8364170-77-sub-20724-ses-1/ds/inputs/data/qsiprep/qsiprep/sub-20724/ses-1/dwi/sub-20724_ses-1_space-ACPC_desc-preproc_dwi.nii.gz	0.0026207412953949	504.23422039530817	202.30576687852357	457.1970486613324	505.5591601636142	457.53581110077016	200.91125013180303	487.7290371146057	488.3778610642879	sub-20724	ses-1				space-ACPC			DSIStudio	autotrackgqi
Cerebellum_Vermis	ad	TORTOISE_model-tensor	/scratch/executivefunction/SLURM_8364170_77/job-8364170-77-sub-20724-ses-1/ds/inputs/data/qsiprep/qsiprep/sub-20724/ses-1/dwi/sub-20724_ses-1_space-ACPC_desc-preproc_dwi.nii.gz	0.0013864818024263	657.3819116320897	130.30742592568123	637.5590240764241	658.2946251504959	637.6367555804566	128.07328382799156	658.7593181288516	658.8785092953319	sub-20724	ses-1				space-ACPC			DSIStudio	autotrackgqi
Cerebellum_Vermis	am	TORTOISE_model-tensor	/scratch/executivefunction/SLURM_8364170_77/job-8364170-77-sub-20724-ses-1/ds/inputs/data/qsiprep/qsiprep/sub-20724/ses-1/dwi/sub-20724_ses-1_space-ACPC_desc-preproc_dwi.nii.gz	0.001213171577123	695.4524536132812	210.3638458251953	703.7166137695312	696.2971801757812	704.1431884765625	209.0897216796875	741.60400390625	741.73095703125	sub-20724	ses-1				space-ACPC			DSIStudio	autotrackgqi
Cerebellum_Vermis	fa	TORTOISE_model-tensor	/scratch/executivefunction/SLURM_8364170_77/job-8364170-77-sub-20724-ses-1/ds/inputs/data/qsiprep/qsiprep/sub-20724/ses-1/dwi/sub-20724_ses-1_space-ACPC_desc-preproc_dwi.nii.gz	0.0013864818024263	0.198153722270406	0.0685150818781939	0.1917001787266281	0.1984288402464843	0.191763236486496	0.06816335323867	0.1894685031943133	0.1895027843131003	sub-20724	ses-1				space-ACPC			DSIStudio	autotrackgqi
Cerebellum_Vermis	li	TORTOISE_model-tensor	/scratch/executivefunction/SLURM_8364170_77/job-8364170-77-sub-20724-ses-1/ds/inputs/data/qsiprep/qsiprep/sub-20724/ses-1/dwi/sub-20724_ses-1_space-ACPC_desc-preproc_dwi.nii.gz	0.0039861351819757	0.1039101034402847	0.0424030683934688	0.1017336174845695	0.104325957596302	0.1018507853150367	0.0419741719961166	0.1004038602113723	0.1004718914628028	sub-20724	ses-1				space-ACPC			DSIStudio	autotrackgqi
Cerebellum_Vermis	rd	TORTOISE_model-tensor	/scratch/executivefunction/SLURM_8364170_77/job-8364170-77-sub-20724-ses-1/ds/inputs/data/qsiprep/qsiprep/sub-20724/ses-1/dwi/sub-20724_ses-1_space-ACPC_desc-preproc_dwi.nii.gz	0.0013864818024263	483.74015084945296	109.86696890934756	461.4558914158252	484.4117789658701	461.49445072831134	108.45351722862836	489.6407759705119	489.7293680149661	sub-20724	ses-1				space-ACPC			DSIStudio	autotrackgqi
CranialNerve_CNIIL	ad	TORTOISE_model-tensor	/scratch/executivefunction/SLURM_8364170_77/job-8364170-77-sub-20724-ses-1/ds/inputs/data/qsiprep/qsiprep/sub-20724/ses-1/dwi/sub-20724_ses-1_space-ACPC_desc-preproc_dwi.nii.gz	0.0	989.2983987256628	235.98894749409845	945.1595630817776	989.2983987256628	945.1595630817776	235.98894749409845	1028.37955833953	1028.3796460152964	sub-20724	ses-1				space-ACPC			DSIStudio	autotrackgqi
CranialNerve_CNIIL	am	TORTOISE_model-tensor	/scratch/executivefunction/SLURM_8364170_77/job-8364170-77-sub-20724-ses-1/ds/inputs/data/qsiprep/qsiprep/sub-20724/ses-1/dwi/sub-20724_ses-1_space-ACPC_desc-preproc_dwi.nii.gz	0.0	580.74267578125	179.8887176513672	548.28515625	580.74267578125	548.28515625	179.8887176513672	556.8340454101562	556.8341064453125	sub-20724	ses-1				space-ACPC			DSIStudio	autotrackgqi
CranialNerve_CNIIL	fa	TORTOISE_model-tensor	/scratch/executivefunction/SLURM_8364170_77/job-8364170-77-sub-20724-ses-1/ds/inputs/data/qsiprep/qsiprep/sub-20724/ses-1/dwi/sub-20724_ses-1_space-ACPC_desc-preproc_dwi.nii.gz	0.0	0.312723853136557	0.1724268918464057	0.2857292574680619	0.312723853136557	0.2857292574680619	0.1724268918464057	0.3802558397257604	0.3802558724187818	sub-20724	ses-1				space-ACPC			DSIStudio	autotrackgqi
CranialNerve_CNIIL	li	TORTOISE_model-tensor	/scratch/executivefunction/SLURM_8364170_77/job-8364170-77-sub-20724-ses-1/ds/inputs/data/qsiprep/qsiprep/sub-20724/ses-1/dwi/sub-20724_ses-1_space-ACPC_desc-preproc_dwi.nii.gz	0.0	0.1910193264484405	0.1281123012304306	0.1659264415502548	0.1910193264484405	0.1659264415502548	0.1281123012304306	0.2446245849132537	0.2446246147155761	sub-20724	ses-1				space-ACPC			DSIStudio	autotrackgqi
CranialNerve_CNIIL	rd	TORTOISE_model-tensor	/scratch/executivefunction/SLURM_8364170_77/job-8364170-77-sub-20724-ses-1/ds/inputs/data/qsiprep/qsiprep/sub-20724/ses-1/dwi/sub-20724_ses-1_space-ACPC_desc-preproc_dwi.nii.gz	0.0	613.7216710137914	229.36118257355903	563.8372708785896	613.7216710137914	563.8372708785896	229.36118257355903	563.5973689948819	563.597417060938	sub-20724	ses-1				space-ACPC			DSIStudio	autotrackgqi
CranialNerve_CNVIIIL	ad	TORTOISE_model-tensor	/scratch/executivefunction/SLURM_8364170_77/job-8364170-77-sub-20724-ses-1/ds/inputs/data/qsiprep/qsiprep/sub-20724/ses-1/dwi/sub-20724_ses-1_space-ACPC_desc-preproc_dwi.nii.gz	0.0	844.4923857865695	297.4001466646908	741.1699101133097	844.4923857865695	741.1699101133097	297.4001466646908	902.9703162451374	902.9703162451374	sub-20724	ses-1				space-ACPC			DSIStudio	autotrackgqi
CranialNerve_CNVIIIL	am	TORTOISE_model-tensor	/scratch/executivefunction/SLURM_8364170_77/job-8364170-77-sub-20724-ses-1/ds/inputs/data/qsiprep/qsiprep/sub-20724/ses-1/dwi/sub-20724_ses-1_space-ACPC_desc-preproc_dwi.nii.gz	0.0	692.4268798828125	216.0084228515625	647.8057861328125	692.4268798828125	647.8057861328125	216.0084228515625	696.4493408203125	696.4493408203125	sub-20724	ses-1				space-ACPC			DSIStudio	autotrackgqi
CranialNerve_CNVIIIL	fa	TORTOISE_model-tensor	/scratch/executivefunction/SLURM_8364170_77/job-8364170-77-sub-20724-ses-1/ds/inputs/data/qsiprep/qsiprep/sub-20724/ses-1/dwi/sub-20724_ses-1_space-ACPC_desc-preproc_dwi.nii.gz	0.0	0.2999238379321803	0.1818082072639525	0.2474518901503093	0.2999238379321803	0.2474518901503093	0.1818082072639525	0.3472227410997399	0.3472227410997399	sub-20724	ses-1				space-ACPC			DSIStudio	autotrackgqi
CranialNerve_CNVIIIL	li	TORTOISE_model-tensor	/scratch/executivefunction/SLURM_8364170_77/job-8364170-77-sub-20724-ses-1/ds/inputs/data/qsiprep/qsiprep/sub-20724/ses-1/dwi/sub-20724_ses-1_space-ACPC_desc-preproc_dwi.nii.gz	0.0014684287812041	0.1755843013525009	0.1381655037403106	0.1260902285575866	0.1758425235748291	0.1261766254901886	0.1381027698516845	0.2049748301506042	0.2050452381372451	sub-20724	ses-1				space-ACPC			DSIStudio	autotrackgqi
CranialNerve_CNVIIIL	rd	TORTOISE_model-tensor	/scratch/executivefunction/SLURM_8364170_77/job-8364170-77-sub-20724-ses-1/ds/inputs/data/qsiprep/qsiprep/sub-20724/ses-1/dwi/sub-20724_ses-1_space-ACPC_desc-preproc_dwi.nii.gz	0.0	530.7414718069699	230.15412769953775	473.7211827722634	530.7414718069699	473.7211827722634	230.15412769953775	519.2205437618472	519.2205437618472	sub-20724	ses-1				space-ACPC			DSIStudio	autotrackgqi
CranialNerve_CNVL	ad	TORTOISE_model-tensor	/scratch/executivefunction/SLURM_8364170_77/job-8364170-77-sub-20724-ses-1/ds/inputs/data/qsiprep/qsiprep/sub-20724/ses-1/dwi/sub-20724_ses-1_space-ACPC_desc-preproc_dwi.nii.gz	0.0031872509960159	898.7632769434405	316.12550350948425	810.0761403210133	901.6370204348664	810.4664864257492	312.51207638869226	892.3359359836677	892.6487887940108	sub-20724	ses-1				space-ACPC			DSIStudio	autotrackgqi
CranialNerve_CNVL	am	TORTOISE_model-tensor	/scratch/executivefunction/SLURM_8364170_77/job-8364170-77-sub-20724-ses-1/ds/inputs/data/qsiprep/qsiprep/sub-20724/ses-1/dwi/sub-20724_ses-1_space-ACPC_desc-preproc_dwi.nii.gz	0.0	675.2353515625	310.5905456542969	621.97216796875	675.2353515625	621.97216796875	310.5905456542969	662.160888671875	662.160888671875	sub-20724	ses-1				space-ACPC			DSIStudio	autotrackgqi
CranialNerve_CNVL	fa	TORTOISE_model-tensor	/scratch/executivefunction/SLURM_8364170_77/job-8364170-77-sub-20724-ses-1/ds/inputs/data/qsiprep/qsiprep/sub-20724/ses-1/dwi/sub-20724_ses-1_space-ACPC_desc-preproc_dwi.nii.gz	0.0031872509960159	0.3323599362624713	0.1763056701038747	0.3204938024765381	0.3334226378972034	0.321114863259011	0.1755811744566729	0.3988989088810776	0.3990387623217413	sub-20724	ses-1				space-ACPC			DSIStudio	autotrackgqi
CranialNerve_CNVL	li	TORTOISE_model-tensor	/scratch/executivefunction/SLURM_8364170_77/job-8364170-77-sub-20724-ses-1/ds/inputs/data/qsiprep/qsiprep/sub-20724/ses-1/dwi/sub-20724_ses-1_space-ACPC_desc-preproc_dwi.nii.gz	0.0071713147410358	0.1963146179914474	0.1288745552301406	0.1779688447713852	0.1977326273918151	0.1793530434370041	0.1282506585121154	0.2435474693775177	0.243834912776947	sub-20724	ses-1				space-ACPC			DSIStudio	autotrackgqi
CranialNerve_CNVL	rd	TORTOISE_model-tensor	/scratch/executivefunction/SLURM_8364170_77/job-8364170-77-sub-20724-ses-1/ds/inputs/data/qsiprep/qsiprep/sub-20724/ses-1/dwi/sub-20724_ses-1_space-ACPC_desc-preproc_dwi.nii.gz	0.0031872509960159	543.131641690863	263.21787440447963	460.0034582240131	544.8682736387156	461.2093839352266	261.8376294736424	485.7580474145231	485.9283545339814	sub-20724	ses-1				space-ACPC			DSIStudio	autotrackgqi
CranialNerve_CNVR	ad	TORTOISE_model-tensor	/scratch/executivefunction/SLURM_8364170_77/job-8364170-77-sub-20724-ses-1/ds/inputs/data/qsiprep/qsiprep/sub-20724/ses-1/dwi/sub-20724_ses-1_space-ACPC_desc-preproc_dwi.nii.gz	0.0	894.543178753589	304.18116305453447	813.2074320300077	894.543178753589	813.2074320300077	304.18116305453447	918.764498398994	918.764498398994	sub-20724	ses-1				space-ACPC			DSIStudio	autotrackgqi
CranialNerve_CNVR	am	TORTOISE_model-tensor	/scratch/executivefunction/SLURM_8364170_77/job-8364170-77-sub-20724-ses-1/ds/inputs/data/qsiprep/qsiprep/sub-20724/ses-1/dwi/sub-20724_ses-1_space-ACPC_desc-preproc_dwi.nii.gz	0.0	694.2958984375	254.9011993408203	631.3111572265625	694.2958984375	631.3111572265625	254.9011993408203	654.3323364257812	654.3323364257812	sub-20724	ses-1				space-ACPC			DSIStudio	autotrackgqi
CranialNerve_CNVR	fa	TORTOISE_model-tensor	/scratch/executivefunction/SLURM_8364170_77/job-8364170-77-sub-20724-ses-1/ds/inputs/data/qsiprep/qsiprep/sub-20724/ses-1/dwi/sub-20724_ses-1_space-ACPC_desc-preproc_dwi.nii.gz	0.0	0.33190587445757	0.2051620773309697	0.274838453948966	0.33190587445757	0.274838453948966	0.2051620773309697	0.4015922045658073	0.4015922045658073	sub-20724	ses-1				space-ACPC			DSIStudio	autotrackgqi
CranialNerve_CNVR	li	TORTOISE_model-tensor	/scratch/executivefunction/SLURM_8364170_77/job-8364170-77-sub-20724-ses-1/ds/inputs/data/qsiprep/qsiprep/sub-20724/ses-1/dwi/sub-20724_ses-1_space-ACPC_desc-preproc_dwi.nii.gz	0.0	0.202210322022438	0.1580929458141327	0.1464481353759765	0.202210322022438	0.1464481353759765	0.1580929458141327	0.2491995841264724	0.2491995841264724	sub-20724	ses-1				space-ACPC			DSIStudio	autotrackgqi
CranialNerve_CNVR	rd	TORTOISE_model-tensor	/scratch/executivefunction/SLURM_8364170_77/job-8364170-77-sub-20724-ses-1/ds/inputs/data/qsiprep/qsiprep/sub-20724/ses-1/dwi/sub-20724_ses-1_space-ACPC_desc-preproc_dwi.nii.gz	0.0	527.680395446772	244.6950625567929	468.2272991910051	527.680395446772	468.2272991910051	244.6950625567929	472.47476091396993	472.47476091396993	sub-20724	ses-1				space-ACPC			DSIStudio	autotrackgqi
CranialNerve_CNIIIL	ad	TORTOISE_model-tensor	/scratch/executivefunction/SLURM_8364170_77/job-8364170-77-sub-20724-ses-1/ds/inputs/data/qsiprep/qsiprep/sub-20724/ses-1/dwi/sub-20724_ses-1_space-ACPC_desc-preproc_dwi.nii.gz	0.0	858.5019841966824	204.28775315747177	826.6002165110143	858.5019841966824	826.6002165110143	204.28775315747177	821.8745838551349	821.8745838551349	sub-20724	ses-1				space-ACPC			DSIStudio	autotrackgqi
CranialNerve_CNIIIL	am	TORTOISE_model-tensor	/scratch/executivefunction/SLURM_8364170_77/job-8364170-77-sub-20724-ses-1/ds/inputs/data/qsiprep/qsiprep/sub-20724/ses-1/dwi/sub-20724_ses-1_space-ACPC_desc-preproc_dwi.nii.gz	0.0	512.7659301757812	177.2417755126953	488.3756103515625	512.7659301757812	488.3756103515625	177.2417755126953	469.821044921875	469.821044921875	sub-20724	ses-1				space-ACPC			DSIStudio	autotrackgqi
CranialNerve_CNIIIL	fa	TORTOISE_model-tensor	/scratch/executivefunction/SLURM_8364170_77/job-8364170-77-sub-20724-ses-1/ds/inputs/data/qsiprep/qsiprep/sub-20724/ses-1/dwi/sub-20724_ses-1_space-ACPC_desc-preproc_dwi.nii.gz	0.0	0.3355942621245258	0.1410315548171834	0.3246136491936079	0.3355942621245258	0.3246136491936079	0.1410315548171834	0.3358430667206732	0.3358430667206732	sub-20724	ses-1				space-ACPC			DSIStudio	autotrackgqi
CranialNerve_CNIIIL	li	TORTOISE_model-tensor	/scratch/executivefunction/SLURM_8364170_77/job-8364170-77-sub-20724-ses-1/ds/inputs/data/qsiprep/qsiprep/sub-20724/ses-1/dwi/sub-20724_ses-1_space-ACPC_desc-preproc_dwi.nii.gz	0.0	0.1953574568033218	0.0988010764122009	0.180324837565422	0.1953574568033218	0.180324837565422	0.0988010764122009	0.1914217472076416	0.1914217472076416	sub-20724	ses-1				space-ACPC			DSIStudio	autotrackgqi
CranialNerve_CNIIIL	rd	TORTOISE_model-tensor	/scratch/executivefunction/SLURM_8364170_77/job-8364170-77-sub-20724-ses-1/ds/inputs/data/qsiprep/qsiprep/sub-20724/ses-1/dwi/sub-20724_ses-1_space-ACPC_desc-preproc_dwi.nii.gz	0.0	515.8766574195722	188.4127288435008	469.80101876222574	515.8766574195722	469.80101876222574	188.4127288435008	491.3293929583797	491.3293929583797	sub-20724	ses-1				space-ACPC			DSIStudio	autotrackgqi
CranialNerve_CNIIR	ad	TORTOISE_model-tensor	/scratch/executivefunction/SLURM_8364170_77/job-8364170-77-sub-20724-ses-1/ds/inputs/data/qsiprep/qsiprep/sub-20724/ses-1/dwi/sub-20724_ses-1_space-ACPC_desc-preproc_dwi.nii.gz	0.0	1003.4659282560116	227.55973394378847	969.1245071828192	1003.4659282560116	969.1245071828192	227.55973394378847	1006.746052186095	1006.746052186095	sub-20724	ses-1				space-ACPC			DSIStudio	autotrackgqi
CranialNerve_CNIIR	am	TORTOISE_model-tensor	/scratch/executivefunction/SLURM_8364170_77/job-8364170-77-sub-20724-ses-1/ds/inputs/data/qsiprep/qsiprep/sub-20724/ses-1/dwi/sub-20724_ses-1_space-ACPC_desc-preproc_dwi.nii.gz	0.0	584.1542358398438	195.06187438964844	545.908203125	584.1542358398438	545.908203125	195.06187438964844	539.7615966796875	539.7615966796875	sub-20724	ses-1				space-ACPC			DSIStudio	autotrackgqi
CranialNerve_CNIIR	fa	TORTOISE_model-tensor	/scratch/executivefunction/SLURM_8364170_77/job-8364170-77-sub-20724-ses-1/ds/inputs/data/qsiprep/qsiprep/sub-20724/ses-1/dwi/sub-20724_ses-1_space-ACPC_desc-preproc_dwi.nii.gz	0.0	0.3145465721738115	0.1679662321092984	0.2926221590983155	0.3145465721738115	0.2926221590983155	0.1679662321092984	0.3760457677531913	0.3760457677531913	sub-20724	ses-1				space-ACPC			DSIStudio	autotrackgqi
CranialNerve_CNIIR	li	TORTOISE_model-tensor	/scratch/executivefunction/SLURM_8364170_77/job-8364170-77-sub-20724-ses-1/ds/inputs/data/qsiprep/qsiprep/sub-20724/ses-1/dwi/sub-20724_ses-1_space-ACPC_desc-preproc_dwi.nii.gz	0.0	0.1883847564458847	0.1213519349694252	0.1685952246189117	0.1883847564458847	0.1685952246189117	0.1213519349694252	0.233726367354393	0.233726367354393	sub-20724	ses-1				space-ACPC			DSIStudio	autotrackgqi
CranialNerve_CNIIR	rd	TORTOISE_model-tensor	/scratch/executivefunction/SLURM_8364170_77/job-8364170-77-sub-20724-ses-1/ds/inputs/data/qsiprep/qsiprep/sub-20724/ses-1/dwi/sub-20724_ses-1_space-ACPC_desc-preproc_dwi.nii.gz	0.0	624.9338236853953	239.36611373849965	574.9989602308123	624.9338236853953	574.9989602308123	239.36611373849965	558.9205813590825	558.9205813590825	sub-20724	ses-1				space-ACPC			DSIStudio	autotrackgqi
CranialNerve_CNVIIL	ad	TORTOISE_model-tensor	/scratch/executivefunction/SLURM_8364170_77/job-8364170-77-sub-20724-ses-1/ds/inputs/data/qsiprep/qsiprep/sub-20724/ses-1/dwi/sub-20724_ses-1_space-ACPC_desc-preproc_dwi.nii.gz	0.0	887.8781019706369	329.0904044966234	759.2865301790503	887.8781019706369	759.2865301790503	329.0904044966234	861.0931938271724	861.0931938271724	sub-20724	ses-1				space-ACPC			DSIStudio	autotrackgqi
CranialNerve_CNVIIL	am	TORTOISE_model-tensor	/scratch/executivefunction/SLURM_8364170_77/job-8364170-77-sub-20724-ses-1/ds/inputs/data/qsiprep/qsiprep/sub-20724/ses-1/dwi/sub-20724_ses-1_space-ACPC_desc-preproc_dwi.nii.gz	0.0	741.037353515625	295.1302795410156	673.9995727539062	741.037353515625	673.9995727539062	295.1302795410156	783.6048583984375	783.6048583984375	sub-20724	ses-1				space-ACPC			DSIStudio	autotrackgqi
CranialNerve_CNVIIL	fa	TORTOISE_model-tensor	/scratch/executivefunction/SLURM_8364170_77/job-8364170-77-sub-20724-ses-1/ds/inputs/data/qsiprep/qsiprep/sub-20724/ses-1/dwi/sub-20724_ses-1_space-ACPC_desc-preproc_dwi.nii.gz	0.0	0.2806052274769442	0.1803987216471638	0.2132528721721027	0.2806052274769442	0.2132528721721027	0.1803987216471638	0.2939540004185333	0.2939540004185333	sub-20724	ses-1				space-ACPC			DSIStudio	autotrackgqi
CranialNerve_CNVIIL	li	TORTOISE_model-tensor	/scratch/executivefunction/SLURM_8364170_77/job-8364170-77-sub-20724-ses-1/ds/inputs/data/qsiprep/qsiprep/sub-20724/ses-1/dwi/sub-20724_ses-1_space-ACPC_desc-preproc_dwi.nii.gz	0.0020491803278688	0.1630537956953048	0.1347714364528656	0.1104150563478469	0.1633886098861694	0.110633984208107	0.1347068399190902	0.1683201491832733	0.168403685092926	sub-20724	ses-1				space-ACPC			DSIStudio	autotrackgqi
CranialNerve_CNVIIL	rd	TORTOISE_model-tensor	/scratch/executivefunction/SLURM_8364170_77/job-8364170-77-sub-20724-ses-1/ds/inputs/data/qsiprep/qsiprep/sub-20724/ses-1/dwi/sub-20724_ses-1_space-ACPC_desc-preproc_dwi.nii.gz	0.0	587.0540064141812	273.8870943284742	493.8182988152032	587.0540064141812	493.8182988152032	273.8870943284742	572.2993217471559	572.2993217471559	sub-20724	ses-1				space-ACPC			DSIStudio	autotrackgqi
CranialNerve_CNVIIR	ad	TORTOISE_model-tensor	/scratch/executivefunction/SLURM_8364170_77/job-8364170-77-sub-20724-ses-1/ds/inputs/data/qsiprep/qsiprep/sub-20724/ses-1/dwi/sub-20724_ses-1_space-ACPC_desc-preproc_dwi.nii.gz	0.0	1081.202008331027	398.99313779093785	970.6663046319148	1081.202008331027	970.6663046319148	398.99313779093785	1117.8694770881682	1117.8694770881682	sub-20724	ses-1				space-ACPC			DSIStudio	autotrackgqi
CranialNerve_CNVIIR	am	TORTOISE_model-tensor	/scratch/executivefunction/SLURM_8364170_77/job-8364170-77-sub-20724-ses-1/ds/inputs/data/qsiprep/qsiprep/sub-20724/ses-1/dwi/sub-20724_ses-1_space-ACPC_desc-preproc_dwi.nii.gz	0.0	900.0997924804688	448.6130065917969	723.23779296875	900.0997924804688	723.23779296875	448.6130065917969	922.7182006835938	922.7182006835938	sub-20724	ses-1				space-ACPC			DSIStudio	autotrackgqi
CranialNerve_CNVIIR	fa	TORTOISE_model-tensor	/scratch/executivefunction/SLURM_8364170_77/job-8364170-77-sub-20724-ses-1/ds/inputs/data/qsiprep/qsiprep/sub-20724/ses-1/dwi/sub-20724_ses-1_space-ACPC_desc-preproc_dwi.nii.gz	0.0	0.3003715580136548	0.1863903883037563	0.2524394195064778	0.3003715580136548	0.2524394195064778	0.1863903883037563	0.2919857374824841	0.2919857374824841	sub-20724	ses-1				space-ACPC			DSIStudio	autotrackgqi
CranialNerve_CNVIIR	li	TORTOISE_model-tensor	/scratch/executivefunction/SLURM_8364170_77/job-8364170-77-sub-20724-ses-1/ds/inputs/data/qsiprep/qsiprep/sub-20724/ses-1/dwi/sub-20724_ses-1_space-ACPC_desc-preproc_dwi.nii.gz	0.0	0.1771847158670425	0.1393677741289138	0.1415120363235473	0.1771847158670425	0.1415120363235473	0.1393677741289138	0.1667006015777588	0.1667006015777588	sub-20724	ses-1				space-ACPC			DSIStudio	autotrackgqi
CranialNerve_CNVIIR	rd	TORTOISE_model-tensor	/scratch/executivefunction/SLURM_8364170_77/job-8364170-77-sub-20724-ses-1/ds/inputs/data/qsiprep/qsiprep/sub-20724/ses-1/dwi/sub-20724_ses-1_space-ACPC_desc-preproc_dwi.nii.gz	0.0	685.4713057270556	323.8119807666684	599.0274658983772	685.4713057270556	599.0274658983772	323.8119807666684	712.6063328545008	712.6063328545008	sub-20724	ses-1				space-ACPC			DSIStudio	autotrackgqi
CranialNerve_CNVIIIR	ad	TORTOISE_model-tensor	/scratch/executivefunction/SLURM_8364170_77/job-8364170-77-sub-20724-ses-1/ds/inputs/data/qsiprep/qsiprep/sub-20724/ses-1/dwi/sub-20724_ses-1_space-ACPC_desc-preproc_dwi.nii.gz	0.0	817.4050894161031	297.21335507941404	705.0294518546048	817.4050894161031	705.0294518546048	297.21335507941404	906.701788265814	906.701788265814	sub-20724	ses-1				space-ACPC			DSIStudio	autotrackgqi
CranialNerve_CNVIIIR	am	TORTOISE_model-tensor	/scratch/executivefunction/SLURM_8364170_77/job-8364170-77-sub-20724-ses-1/ds/inputs/data/qsiprep/qsiprep/sub-20724/ses-1/dwi/sub-20724_ses-1_space-ACPC_desc-preproc_dwi.nii.gz	0.0	709.0667114257812	238.4568023681641	649.9736328125	709.0667114257812	649.9736328125	238.4568023681641	756.4630737304688	756.4630737304688	sub-20724	ses-1				space-ACPC			DSIStudio	autotrackgqi
CranialNerve_CNVIIIR	fa	TORTOISE_model-tensor	/scratch/executivefunction/SLURM_8364170_77/job-8364170-77-sub-20724-ses-1/ds/inputs/data/qsiprep/qsiprep/sub-20724/ses-1/dwi/sub-20724_ses-1_space-ACPC_desc-preproc_dwi.nii.gz	0.0	0.2726578368467849	0.1694870374303699	0.2084393269199428	0.2726578368467849	0.2084393269199428	0.1694870374303699	0.2988015431848309	0.2988015431848309	sub-20724	ses-1				space-ACPC			DSIStudio	autotrackgqi
CranialNerve_CNVIIIR	li	TORTOISE_model-tensor	/scratch/executivefunction/SLURM_8364170_77/job-8364170-77-sub-20724-ses-1/ds/inputs/data/qsiprep/qsiprep/sub-20724/ses-1/dwi/sub-20724_ses-1_space-ACPC_desc-preproc_dwi.nii.gz	0.0	0.156041070818901	0.1221441030502319	0.1078994870185852	0.156041070818901	0.1078994870185852	0.1221441030502319	0.1697317510843277	0.1697317510843277	sub-20724	ses-1				space-ACPC			DSIStudio	autotrackgqi
CranialNerve_CNVIIIR	rd	TORTOISE_model-tensor	/scratch/executivefunction/SLURM_8364170_77/job-8364170-77-sub-20724-ses-1/ds/inputs/data/qsiprep/qsiprep/sub-20724/ses-1/dwi/sub-20724_ses-1_space-ACPC_desc-preproc_dwi.nii.gz	0.0	537.7421368948554	239.23679952920807	476.02026217398105	537.7421368948554	476.02026217398105	239.23679952920807	576.0335501209952	576.0335501209952	sub-20724	ses-1				space-ACPC			DSIStudio	autotrackgqi
CranialNerve_CNIIIR	ad	TORTOISE_model-tensor	/scratch/executivefunction/SLURM_8364170_77/job-8364170-77-sub-20724-ses-1/ds/inputs/data/qsiprep/qsiprep/sub-20724/ses-1/dwi/sub-20724_ses-1_space-ACPC_desc-preproc_dwi.nii.gz	0.0	964.38699656002	279.34276091615754	861.5427186980626	964.38699656002	861.5427186980626	279.34276091615754	963.7608689985054	963.7608689985054	sub-20724	ses-1				space-ACPC			DSIStudio	autotrackgqi
CranialNerve_CNIIIR	am	TORTOISE_model-tensor	/scratch/executivefunction/SLURM_8364170_77/job-8364170-77-sub-20724-ses-1/ds/inputs/data/qsiprep/qsiprep/sub-20724/ses-1/dwi/sub-20724_ses-1_space-ACPC_desc-preproc_dwi.nii.gz	0.0	614.442138671875	289.3822631835937	554.3731689453125	614.442138671875	554.3731689453125	289.3822631835937	593.57666015625	593.57666015625	sub-20724	ses-1				space-ACPC			DSIStudio	autotrackgqi
CranialNerve_CNIIIR	fa	TORTOISE_model-tensor	/scratch/executivefunction/SLURM_8364170_77/job-8364170-77-sub-20724-ses-1/ds/inputs/data/qsiprep/qsiprep/sub-20724/ses-1/dwi/sub-20724_ses-1_space-ACPC_desc-preproc_dwi.nii.gz	0.0	0.2915386201039906	0.1481592126299283	0.2748875681010922	0.2915386201039906	0.2748875681010922	0.1481592126299283	0.2920698815469507	0.2920698815469507	sub-20724	ses-1				space-ACPC			DSIStudio	autotrackgqi
CranialNerve_CNIIIR	li	TORTOISE_model-tensor	/scratch/executivefunction/SLURM_8364170_77/job-8364170-77-sub-20724-ses-1/ds/inputs/data/qsiprep/qsiprep/sub-20724/ses-1/dwi/sub-20724_ses-1_space-ACPC_desc-preproc_dwi.nii.gz	0.0	0.163350909948349	0.1021680533885955	0.1421772241592407	0.163350909948349	0.1421772241592407	0.1021680533885955	0.1575803756713867	0.1575803756713867	sub-20724	ses-1				space-ACPC			DSIStudio	autotrackgqi
CranialNerve_CNIIIR	rd	TORTOISE_model-tensor	/scratch/executivefunction/SLURM_8364170_77/job-8364170-77-sub-20724-ses-1/ds/inputs/data/qsiprep/qsiprep/sub-20724/ses-1/dwi/sub-20724_ses-1_space-ACPC_desc-preproc_dwi.nii.gz	0.0	640.0745462870981	287.3750962337586	566.861267592735	640.0745462870981	566.861267592735	287.3750962337586	636.9314698200322	636.9314698200322	sub-20724	ses-1				space-ACPC			DSIStudio	autotrackgqi
